2.460911843889222015e+06 8.849266735074624579e-01 -4.889228751713097232e-01 2.410744671760009039e-05
2.460911845048222225e+06 8.849359955796677335e-01 -4.889054890273519249e-01 2.410711181790132094e-05
2.460911846213222016e+06 8.849453655659775819e-01 -4.888880126873488829e-01 2.410677518878164067e-05
2.460911847377222031e+06 8.849547271638081858e-01 -4.888705511581533103e-01 2.410643885280861834e-05
2.460911848536221776e+06 8.849640482053946489e-01 -4.888531644464770842e-01 2.410610396566047160e-05
2.460911849700221792e+06 8.849734091138551362e-01 -4.888357025375865139e-01 2.410576763788021960e-05
2.460911850864221808e+06 8.849827696768824969e-01 -4.888182404384505131e-01 2.410543131413410092e-05
2.460911852026221808e+06 8.849921138119262176e-01 -4.888008081531637905e-01 2.410509557229854974e-05
2.460911853185222019e+06 8.850014334797648985e-01 -4.887834206849495100e-01 2.410476070111259997e-05
2.460911854347222019e+06 8.850107769271836622e-01 -4.887659880210035723e-01 2.410442496697179086e-05
2.460911929312222172e+06 8.856128302409090880e-01 -4.876409408812876767e-01 2.408277127284595131e-05
2.460911930474222172e+06 8.856221511259929624e-01 -4.876234958134326725e-01 2.408243568079610833e-05
2.460911931634222157e+06 8.856314556246061009e-01 -4.876060805829163236e-01 2.408210066679702908e-05
2.460911932798222173e+06 8.856407918625788245e-01 -4.875886051104659780e-01 2.408176449799131891e-05
2.460911933959221933e+06 8.856501036937027838e-01 -4.875711744888898136e-01 2.408142919602519158e-05
2.460911935124222189e+06 8.856594472612121516e-01 -4.875536836237662208e-01 2.408109273907813090e-05
2.460911936285221949e+06 8.856687584032643112e-01 -4.875362526240504257e-01 2.408075743765985093e-05
2.460911937449221965e+06 8.856780932598291578e-01 -4.875187763935294738e-01 2.408042127004943978e-05
2.460911938613221981e+06 8.856874277706610066e-01 -4.875012999733053243e-01 2.408008510258843846e-05
2.460911939773221966e+06 8.856967298601781113e-01 -4.874838834207900762e-01 2.407975009050682157e-05
2.460911944362222217e+06 8.857335258809588829e-01 -4.874149810917248749e-01 2.407842477105726864e-05
2.460911945525221992e+06 8.857428503209691106e-01 -4.873975185601612803e-01 2.407808889226056921e-05
2.460911946690221783e+06 8.857521904500779142e-01 -4.873800258086213866e-01 2.407775243576174142e-05
2.460911947850221768e+06 8.857614901486595693e-01 -4.873626079445240733e-01 2.407741742295796118e-05
2.460911949014221784e+06 8.857708215699936494e-01 -4.873451298295117806e-01 2.407708125474990052e-05
2.460911950172222219e+06 8.857801045481183966e-01 -4.873277416196997169e-01 2.407674681895100160e-05
2.460911951332222205e+06 8.857894032159073783e-01 -4.873103231902852217e-01 2.407641180515114111e-05
2.460911952492222190e+06 8.857987015402881692e-01 -4.872929045725541974e-01 2.407607679095283970e-05
2.460911953656222206e+06 8.858080315826784013e-01 -4.872754257013168777e-01 2.407574062095184069e-05
2.460911954822221771e+06 8.858173773093727110e-01 -4.872579166075933221e-01 2.407540387285026903e-05
2.460912799143222161e+06 8.924934374224805511e-01 -4.745297870229209236e-01 2.382818216358909000e-05
2.460912801127221901e+06 8.925089095117109128e-01 -4.744997629292532215e-01 2.382758579202824142e-05
2.460912803440222051e+06 8.925269460064921834e-01 -4.744647593656449724e-01 2.382689039095577140e-05
2.460912806149221957e+06 8.925480687112234968e-01 -4.744237620486100870e-01 2.382607574734612121e-05
2.460912807876221836e+06 8.925615335473602308e-01 -4.743976255487161731e-01 2.382555630350232081e-05
2.460913798266221769e+06 9.001564741528603752e-01 -4.593429302057976948e-01 2.350936277765919887e-05
2.460913799423221964e+06 9.001651982820810804e-01 -4.593252666241843807e-01 2.350896648878483968e-05
2.460913800588222221e+06 9.001739823825714026e-01 -4.593074807310835173e-01 2.350856738376507876e-05
2.460913801754221786e+06 9.001827736702516791e-01 -4.592896793924631238e-01 2.350816785961930058e-05
2.460913802914221771e+06 9.001915193694896011e-01 -4.592719694785962758e-01 2.350777031530922086e-05
2.460913804074222222e+06 9.002002647193793061e-01 -4.592542593878493062e-01 2.350737269519736987e-05
2.460913806558222044e+06 9.002189906556646859e-01 -4.592163347710441768e-01 2.350652098437184921e-05
2.460913807722222060e+06 9.002277650600958303e-01 -4.591985630531735252e-01 2.350612175364665942e-05
2.460913808886222076e+06 9.002365391127394867e-01 -4.591807911572515777e-01 2.350572244637263902e-05
2.460913810051221866e+06 9.002453203509982460e-01 -4.591630038150780191e-01 2.350532271942475061e-05
2.460913813879222143e+06 9.002741715864904792e-01 -4.591045562537773850e-01 2.350400874088148995e-05
2.460913815043222159e+06 9.002829437783445021e-01 -4.590867834160609062e-01 2.350360902797833955e-05
2.460913816207222175e+06 9.002917156183994907e-01 -4.590690104003180005e-01 2.350320923825243146e-05
2.460913817370221950e+06 9.003004795711569974e-01 -4.590512524757048851e-01 2.350280971525213998e-05
2.460913818529222161e+06 9.003092130319596542e-01 -4.590335554505490245e-01 2.350241148997121997e-05
2.460913819688221905e+06 9.003179461439584363e-01 -4.590158582489354822e-01 2.350201318844027885e-05
2.460913820848221891e+06 9.003266864417509563e-01 -4.589981456012450223e-01 2.350161446678724023e-05
2.460913822008221876e+06 9.003354263901511834e-01 -4.589804327767644798e-01 2.350121566863516974e-05
2.460913823173222132e+06 9.003442036590562081e-01 -4.589626434260313803e-01 2.350081507444927114e-05
2.460913824333222117e+06 9.003529429071333023e-01 -4.589449302472730086e-01 2.350041612280109852e-05
2.460920807129221968e+06 9.465122141782897902e-01 -3.493772407709379024e-01 1.855599031974960046e-05
2.460920808297222015e+06 9.465188390102620142e-01 -3.493584656103493891e-01 1.855461720793032893e-05
2.460920809464221820e+06 9.465254577988168050e-01 -3.493397063893649013e-01 1.855324507545800153e-05
2.460920810631222092e+06 9.465320762160656098e-01 -3.493209470333976108e-01 1.855187274675769831e-05
2.460920811795222107e+06 9.465386772494970291e-01 -3.493022357675800160e-01 1.855050375042181896e-05
2.460920815499221906e+06 9.465596801417733852e-01 -3.492426931830608927e-01 1.854614612656585953e-05
2.460920816666222177e+06 9.465662966387735633e-01 -3.492239331292987803e-01 1.854477278328224148e-05
2.460920817835221998e+06 9.465729241028207896e-01 -3.492051407893557169e-01 1.854339688970727868e-05
2.460920822572221979e+06 9.465997759749655849e-01 -3.491289894342903821e-01 1.853781950462735857e-05
2.460913831309374887e+06 9.004054927184227397e-01 -4.588384007947602927e-01 2.349801523990795925e-05
2.460913829743980896e+06 9.003937020560559557e-01 -4.588623057177040887e-01 2.349855422071218123e-05
2.460913825022800826e+06 9.003581379133924756e-01 -4.589344003093434043e-01 2.350017892401606070e-05
2.460913823415393010e+06 9.003460281663988596e-01 -4.589589454893597265e-01 2.350073179230752915e-05
2.460913836240625009e+06 9.004426311065792943e-01 -4.587630942072511986e-01 2.349631644490423962e-05
2.460913861718170810e+06 9.006344078148812438e-01 -4.583739681609890204e-01 2.348751727633846970e-05
2.460913860111343209e+06 9.006223177412615577e-01 -4.583985122442166271e-01 2.348807333316024952e-05
2.460913875556482002e+06 9.007385020362079775e-01 -4.581625758958283723e-01 2.348272220369425090e-05
2.460913878664121032e+06 9.007618714063784227e-01 -4.581151005468407922e-01 2.348164385094965123e-05
2.460913877111110836e+06 9.007501931274733975e-01 -4.581388260024317205e-01 2.348218281666324941e-05
2.460913873954167124e+06 9.007264516868044302e-01 -4.581870539385747843e-01 2.348327798776412027e-05
2.460913872346065007e+06 9.007143571449024444e-01 -4.582116200495113256e-01 2.348383562867857970e-05
2.460913880223033018e+06 9.007735934426710500e-01 -4.580912845960303237e-01 2.348110269490351923e-05
2.460913886674883775e+06 9.008221005896893674e-01 -4.579927143985572102e-01 2.347886150629759964e-05
2.460913889783218037e+06 9.008454662030768167e-01 -4.579452239102350108e-01 2.347778088921162985e-05
2.460913888229398057e+06 9.008337863202635631e-01 -4.579689640076669011e-01 2.347832114788830961e-05
2.460913885072568897e+06 9.008100548686236442e-01 -4.580171947767633922e-01 2.347941833214379066e-05
2.460913891337037086e+06 9.008571454585954097e-01 -4.579214834964014935e-01 2.347724048871791103e-05
2.460913897782523185e+06 9.009055861391748188e-01 -4.578230011681838074e-01 2.347499730648056911e-05
2.460913900891667232e+06 9.009289488692605596e-01 -4.577754937761102094e-01 2.347391437549821037e-05
2.460913899338426068e+06 9.009172778197416243e-01 -4.577992272926096895e-01 2.347445544867039148e-05
2.460913896180207841e+06 9.008935450424208069e-01 -4.578474838786553147e-01 2.347555517853564924e-05
2.460913894574420992e+06 9.008814771832900359e-01 -4.578720193057866927e-01 2.347611410780630001e-05
2.460913902445485815e+06 9.009406236399272183e-01 -4.577517511007871964e-01 2.347337295815509931e-05
2.460913908893750049e+06 9.009890665818808264e-01 -4.576532169452420806e-01 2.347112458132990129e-05
2.460913910449767951e+06 9.010007546395127909e-01 -4.576294390365446829e-01 2.347058166092531084e-05
2.460913905686458107e+06 9.009649729749880098e-01 -4.577022273720772749e-01 2.347224320538443887e-05
2.460913913557406981e+06 9.010240958348916251e-01 -4.575819494794298170e-01 2.346949692504398906e-05
2.460913923116434831e+06 9.010958770972056220e-01 -4.574358647363671038e-01 2.346615670315723055e-05
2.460913921561690047e+06 9.010842037209879640e-01 -4.574596257683410938e-01 2.346670035005357053e-05
2.460917795088193845e+06 9.281979920853802302e-01 -3.973239862638243136e-01 2.144023537711787993e-05
2.460917793506133836e+06 9.281877303796469691e-01 -3.973489117650956803e-01 2.144141357205176125e-05
2.460917799789466895e+06 9.282284819662419695e-01 -3.972499156115821273e-01 2.143673225694942843e-05
2.460917798208680004e+06 9.282182305081951856e-01 -3.972748218940150844e-01 2.143791049962049086e-05
2.460917804820023011e+06 9.282611008396047803e-01 -3.971706542031379072e-01 2.143298049364662908e-05
2.460917803236689884e+06 9.282508350004211595e-01 -3.971956015035646992e-01 2.143416170162623898e-05
2.460917878918982111e+06 9.287407845964398279e-01 -3.960028205805641854e-01 2.137732405366613909e-05
2.460917877216666006e+06 9.287297810677568322e-01 -3.960296567897567122e-01 2.137861097289430094e-05
2.460917880447684787e+06 9.287506652653240158e-01 -3.959787209925361151e-01 2.137616804818196102e-05
2.460917885138772894e+06 9.287809818750020208e-01 -3.959047656550522265e-01 2.137261868026676132e-05
2.460917883557755034e+06 9.287707650484186006e-01 -3.959296908019366845e-01 2.137381524119302096e-05
2.460917888248147909e+06 9.288010732634047750e-01 -3.958557447704373899e-01 2.137026443072826041e-05
2.460917886667245999e+06 9.287908585014319485e-01 -3.958806686459913071e-01 2.137146156736450145e-05
2.460917894466666970e+06 9.288412467758919711e-01 -3.957577033863068916e-01 2.136555219216360976e-05
2.460917892885417212e+06 9.288310324041854082e-01 -3.957826338426572166e-01 2.136675091899351901e-05
2.460920830718634184e+06 9.466459399255919838e-01 -3.489980236472148833e-01 1.852822029119088049e-05
2.460920827060416806e+06 9.466252118381751623e-01 -3.490568357925238896e-01 1.853253208401061834e-05
2.460920823323843069e+06 9.466040360023868505e-01 -3.491169062851682270e-01 1.853693424317560872e-05
2.460920837954166811e+06 9.466869269448373592e-01 -3.488816961065321909e-01 1.851968638860992055e-05
2.460920834338194225e+06 9.466664453820283764e-01 -3.489398316823246748e-01 1.852395216606862865e-05
2.460920863708102144e+06 9.468326990581448221e-01 -3.484676013470390799e-01 1.848924994499547871e-05
2.460920860049999785e+06 9.468120045356768211e-01 -3.485264235708289138e-01 1.849357896620827904e-05
2.460920856434606016e+06 9.467915480359040403e-01 -3.485845577453353106e-01 1.849785555518106874e-05
2.460920874593750108e+06 9.468942594859863782e-01 -3.482925524614495227e-01 1.847635641743162048e-05
2.460920870936111081e+06 9.468735784418593759e-01 -3.483513711760194975e-01 1.848069061542731911e-05
2.460920867321181111e+06 9.468531352943315715e-01 -3.484095017963435015e-01 1.848497231556617005e-05
2.460857846703357063e+06 1.662764001778803957e-01 -1.002939233676030106e+00 5.886332023052134210e-05
2.460857855384374969e+06 1.664213285717343893e-01 -1.002915300261516984e+00 5.886641942844750102e-05
2.460857861900926102e+06 1.665301190835244971e-01 -1.002897320250422997e+00 5.886874478371518262e-05
