2460910.760416667 C   15 51 24.79 -15 27 29.4  15 44 03.4303  2.61009873210510  -8.6322291
2460910.770833333 Ct  15 51 23.17 -15 27 25.3  15 59 05.8943  2.61004687185063  -8.6059939
2460910.781250000 N   15 51 21.55 -15 27 21.2  16 14 08.3584  2.60999516937606  -8.5797991
2460910.791666667 N   15 51 19.93 -15 27 17.1  16 29 10.8225  2.60994362416226  -8.5537364
2460910.802083333 A   15 51 18.31 -15 27 13.0  16 44 13.2866  2.60989223513960  -8.5278969
2460910.812500000 A   15 51 16.69 -15 27 09.0  16 59 15.7507  2.60984100069244  -8.5023711
2460910.822916667     15 51 15.06 -15 27 04.9  17 14 18.2147  2.60978991866609  -8.4772476
2460910.833333333     15 51 13.44 -15 27 00.8  17 29 20.6788  2.60973898637602  -8.4526137
2460910.843750000     15 51 11.82 -15 26 56.7  17 44 23.1429  2.60968820061940  -8.4285545
2460910.854166667     15 51 10.20 -15 26 52.5  17 59 25.6070  2.60963755768890  -8.4051525
2460910.864583333     15 51 08.59 -15 26 48.4  18 14 28.0710  2.60958705338857  -8.3824875
2460910.875000000     15 51 06.97 -15 26 44.3  18 29 30.5351  2.60953668305200  -8.3606360
2460910.885416667     15 51 05.35 -15 26 40.2  18 44 32.9992  2.60948644156232  -8.3396712
2460910.895833333     15 51 03.73 -15 26 36.1  18 59 35.4633  2.60943632337429  -8.3196624
2460910.906250000     15 51 02.12 -15 26 32.0  19 14 37.9273  2.60938632253822  -8.3006745
2460911.760416667 Cm  15 48 50.67 -15 20 55.9  15 47 59.9804  2.60525522003477  -8.1578130
2460911.770833333 Ct  15 48 49.06 -15 20 51.8  16 03 02.4444  2.60520621367647  -8.1318153
2460911.781250000 Nm  15 48 47.45 -15 20 47.6  16 18 04.9085  2.60515736354951  -8.1058976
2460911.791666667 Nm  15 48 45.84 -15 20 43.5  16 33 07.3725  2.60510866889598  -8.0801517
2460911.802083333 A   15 48 44.23 -15 20 39.4  16 48 09.8366  2.60506012840889  -8.0546683
2460911.812500000 A   15 48 42.62 -15 20 35.2  17 03 12.3006  2.60501174023774  -8.0295373
2460911.822916667     15 48 41.01 -15 20 31.1  17 18 14.7647  2.60496350199637  -8.0048468
2460911.833333333     15 48 39.40 -15 20 27.0  17 33 17.2287  2.60491541077329  -7.9806831
2460911.843750000     15 48 37.79 -15 20 22.8  17 48 19.6928  2.60486746314414  -7.9571305
2460911.854166667     15 48 36.19 -15 20 18.7  18 03 22.1568  2.60481965518643  -7.9342702
2460911.864583333     15 48 34.58 -15 20 14.5  18 18 24.6209  2.60477198249643  -7.9121808
2460911.875000000     15 48 32.97 -15 20 10.4  18 33 27.0849  2.60472444020808  -7.8909374
2460911.885416667     15 48 31.36 -15 20 06.3  18 48 29.5490  2.60467702301404  -7.8706116
2460911.895833333     15 48 29.76 -15 20 02.1  19 03 32.0130  2.60462972518847  -7.8512708
2460911.906250000     15 48 28.15 -15 19 57.9  19 18 34.4771  2.60458254061175  -7.8329783
2460912.760416667 Ct  15 46 17.64 -15 14 19.0  15 51 56.5286  2.60067372397835  -7.7067524
2460912.770833333 Cm  15 46 16.04 -15 14 14.9  16 06 58.9927  2.60062743092738  -7.6810096
2460912.781250000 Nm  15 46 14.44 -15 14 10.7  16 22 01.4567  2.60058129245419  -7.6553865
2460912.791666667 Nm  15 46 12.84 -15 14 06.5  16 37 03.9207  2.60053530756321  -7.6299745
2460912.802083333 Am  15 46 11.24 -15 14 02.4  16 52 06.3848  2.60048947471163  -7.6048640
2460912.812500000 Am  15 46 09.64 -15 13 58.2  17 07 08.8488  2.60044379181595  -7.5801443
2460912.822916667  m  15 46 08.04 -15 13 54.0  17 22 11.3128  2.60039825626097  -7.5559029
2460912.833333333  m  15 46 06.45 -15 13 49.9  17 37 13.7769  2.60035286491099  -7.5322251
2460912.843750000     15 46 04.85 -15 13 45.7  17 52 16.2409  2.60030761412329  -7.5091940
2460912.854166667     15 46 03.25 -15 13 41.5  18 07 18.7050  2.60026249976381  -7.4868899
2460912.864583333     15 46 01.66 -15 13 37.3  18 22 21.1690  2.60021751722492  -7.4653898
2460912.875000000     15 46 00.06 -15 13 33.2  18 37 23.6330  2.60017266144532  -7.4447675
2460912.885416667     15 45 58.47 -15 13 29.0  18 52 26.0971  2.60012792693174  -7.4250927
2460912.895833333     15 45 56.87 -15 13 24.8  19 07 28.5611  2.60008330778274  -7.4064313
2460913.760416667 Ct  15 43 45.71 -15 07 39.0  15 55 53.0765  2.59634075429081  -7.2790666
2460913.770833333 Cm  15 43 44.12 -15 07 34.8  16 10 55.5405  2.59629703384420  -7.2535956
2460913.781250000 Nm  15 43 42.54 -15 07 30.6  16 25 58.0045  2.59625346622114  -7.2282837
2460913.791666667 Nm  15 43 40.95 -15 07 26.5  16 41 00.4686  2.59621005018964  -7.2032220
2460913.802083333 Am  15 43 39.36 -15 07 22.3  16 56 02.9326  2.59616678397274  -7.1785005
2460913.812500000 Am  15 43 37.78 -15 07 18.1  17 11 05.3967  2.59612366525613  -7.1542079
2460913.822916667  m  15 43 36.19 -15 07 13.9  17 26 07.8607  2.59608069119805  -7.1304307
2460913.833333333  m  15 43 34.61 -15 07 09.7  17 41 10.3248  2.59603785844156  -7.1072535
2460913.843750000  m  15 43 33.02 -15 07 05.4  17 56 12.7888  2.59599516312893  -7.0847581
2460913.854166667  m  15 43 31.44 -15 07 01.2  18 11 15.2528  2.59595260091823  -7.0630236
2460913.864583333  m  15 43 29.85 -15 06 57.0  18 26 17.7169  2.59591016700207  -7.0421257
2460913.875000000  m  15 43 28.27 -15 06 52.8  18 41 20.1809  2.59586785612825  -7.0221364
2460913.885416667  m  15 43 26.68 -15 06 48.6  18 56 22.6450  2.59582566262244  -7.0031239
2460913.895833333     15 43 25.10 -15 06 44.4  19 11 25.1090  2.59578358041255  -6.9851522
2460914.760416667 Cm  15 41 14.93 -15 00 56.1  15 59 49.6252  2.59224282913141  -6.8747273
2460914.770833333 Cm  15 41 13.35 -15 00 51.9  16 14 52.0893  2.59220154075951  -6.8495442
2460914.781250000 Nm  15 41 11.77 -15 00 47.7  16 29 54.5533  2.59216040335988  -6.8245596
2460914.791666667 Nm  15 41 10.20 -15 00 43.5  16 44 57.0174  2.59211941546553  -6.7998640
2460914.802083333 Am  15 41 08.62 -15 00 39.2  16 59 59.4814  2.59207857506725  -6.7755469
2460914.812500000 Am  15 41 07.05 -15 00 35.0  17 15 01.9455  2.59203787962220  -6.7516963
2460914.822916667  m  15 41 05.48 -15 00 30.8  17 30 04.4095  2.59199732606482  -6.7283979
2460914.833333333  m  15 41 03.90 -15 00 26.5  17 45 06.8736  2.59195691082001  -6.7057351
2460914.843750000  m  15 41 02.33 -15 00 22.3  18 00 09.3377  2.59191662981854  -6.6837888
2460914.854166667  m  15 41 00.76 -15 00 18.1  18 15 11.8017  2.59187647851448  -6.6626366
2460914.864583333  m  15 40 59.19 -15 00 13.8  18 30 14.2658  2.59183645190490  -6.6423527
2460914.875000000  m  15 40 57.61 -15 00 09.6  18 45 16.7298  2.59179654455128  -6.6230076
2460914.885416667  m  15 40 56.04 -15 00 05.3  19 00 19.1939  2.59175675060305  -6.6046677
2460915.760416667 Cm  15 38 45.30 -14 54 10.5  16 03 46.1758  2.58836649882075  -6.4936686
2460915.770833333 Cm  15 38 43.73 -14 54 06.3  16 18 48.6399  2.58832750239210  -6.4687893
2460915.781250000 Nm  15 38 42.17 -14 54 02.0  16 33 51.1040  2.58828865499051  -6.4441473
2460915.791666667 Nm  15 38 40.61 -14 53 57.8  16 48 53.5681  2.58824995491567  -6.4198330
2460915.802083333 Am  15 38 39.04 -14 53 53.5  17 03 56.0321  2.58821139992818  -6.3959351
2460915.812500000 Am  15 38 37.48 -14 53 49.3  17 18 58.4962  2.58817298725915  -6.3725409
2460915.822916667  m  15 38 35.92 -14 53 45.0  17 34 00.9603  2.58813471362208  -6.3497350
2460915.833333333  m  15 38 34.36 -14 53 40.7  17 49 03.4244  2.58809657522702  -6.3276001
2460915.843750000  m  15 38 32.80 -14 53 36.5  18 04 05.8885  2.58805856779686  -6.3062155
2460915.854166667  m  15 38 31.24 -14 53 32.2  18 19 08.3526  2.58802068658573  -6.2856575
2460915.864583333  m  15 38 29.68 -14 53 27.9  18 34 10.8166  2.58798292639946  -6.2659988
2460915.875000000  m  15 38 28.12 -14 53 23.7  18 49 13.2807  2.58794528161793  -6.2473082
2460915.885416667  m  15 38 26.56 -14 53 19.4  19 04 15.7448  2.58790774621932  -6.2296505
2460916.760416667 Cm  15 36 16.84 -14 47 22.4  16 07 42.7289  2.58469836514056  -6.1357944
2460916.770833333 Cm  15 36 15.29 -14 47 18.1  16 22 45.1930  2.58466152110470  -6.1112340
2460916.781250000 Nm  15 36 13.74 -14 47 13.9  16 37 47.6571  2.58462482405974  -6.0869498
2460916.791666667 Nm  15 36 12.19 -14 47 09.6  16 52 50.1212  2.58458827207385  -6.0630313
2460916.802083333 Am  15 36 10.64 -14 47 05.3  17 07 52.5853  2.58455186267969  -6.0395669
2460916.812500000 Am  15 36 09.09 -14 47 01.0  17 22 55.0494  2.58451559288497  -6.0166427
2460916.822916667  m  15 36 07.54 -14 46 56.7  17 37 57.5136  2.58447945918531  -5.9943427
2460916.833333333  m  15 36 05.99 -14 46 52.5  17 52 59.9777  2.58444345757934  -5.9727482
2460916.843750000  m  15 36 04.44 -14 46 48.2  18 08 02.4418  2.58440758358586  -5.9519372
2460916.854166667  m  15 36 02.90 -14 46 43.9  18 23 04.9059  2.58437183226320  -5.9319847
2460916.864583333  m  15 36 01.35 -14 46 39.6  18 38 07.3700  2.58433619823047  -5.9129617
2460916.875000000  m  15 35 59.80 -14 46 35.3  18 53 09.8341  2.58430067569073  -5.8949353
2460917.760416667 Cm  15 33 49.58 -14 40 32.0  16 11 39.2847  2.58122509760558  -5.8009815
2460917.770833333 Cm  15 33 48.04 -14 40 27.7  16 26 41.7488  2.58119026715474  -5.7767549
2460917.781250000 Nm  15 33 46.50 -14 40 23.4  16 41 44.2129  2.58115558157055  -5.7528428
2460917.791666667 Nm  15 33 44.96 -14 40 19.1  16 56 46.6771  2.58112103869168  -5.7293343
2460917.802083333 Am  15 33 43.43 -14 40 14.8  17 11 49.1412  2.58108663582529  -5.7063170
2460917.812500000 Am  15 33 41.89 -14 40 10.5  17 26 51.6054  2.58105236975849  -5.6838762
2460917.822916667  m  15 33 40.35 -14 40 06.2  17 41 54.0695  2.58101823677224  -5.6620947
2460917.833333333  m  15 33 38.82 -14 40 01.9  17 56 56.5336  2.58098423265729  -5.6410525
2460917.843750000  m  15 33 37.28 -14 39 57.6  18 11 58.9978  2.58095035273235  -5.6208264
2460917.854166667  m  15 33 35.75 -14 39 53.2  18 27 01.4619  2.58091659186421  -5.6014899
2460917.864583333  m  15 33 34.21 -14 39 48.9  18 42 03.9260  2.58088294448985  -5.5831124
2460917.875000000  m  15 33 32.68 -14 39 44.6  18 57 06.3902  2.58084940464043  -5.5657592
2460918.770833333 Cm  15 31 21.99 -14 33 35.1  16 30 38.3071  2.57790049375778  -5.4652022
2460918.781250000 Nm  15 31 20.47 -14 33 30.8  16 45 40.7713  2.57786768164122  -5.4416762
2460918.791666667 Nm  15 31 18.94 -14 33 26.5  17 00 43.2354  2.57783500979336  -5.4185914
2460918.802083333 Am  15 31 17.42 -14 33 22.2  17 15 45.6996  2.57780247529837  -5.3960343
2460918.812500000 Am  15 31 15.89 -14 33 17.8  17 30 48.1638  2.57777007472582  -5.3740894
2460918.822916667 Am  15 31 14.37 -14 33 13.5  17 45 50.6279  2.57773780414531  -5.3528383
2460918.833333333  m  15 31 12.84 -14 33 09.2  18 00 53.0921  2.57770565914350  -5.3323598
2460918.843750000  m  15 31 11.32 -14 33 04.8  18 15 55.5562  2.57767363484304  -5.3127293
2460918.854166667  m  15 31 09.80 -14 33 00.5  18 30 58.0204  2.57764172592359  -5.2940187
2460918.864583333  m  15 31 08.28 -14 32 56.2  18 46 00.4846  2.57760992664473  -5.2762957
2460918.875000000  m  15 31 06.76 -14 32 51.8  19 01 02.9487  2.57757823087074  -5.2596239
2460919.770833333 Cm  15 28 57.15 -14 26 40.6  16 34 34.8674  2.57477905224959  -5.1763993
2460919.781250000 Nm  15 28 55.64 -14 26 36.3  16 49 37.3316  2.57474797667279  -5.1532729
2460919.791666667 Nm  15 28 54.13 -14 26 31.9  17 04 39.7958  2.57471703884845  -5.1306247
2460919.802083333 Am  15 28 52.61 -14 26 27.6  17 19 42.2600  2.57468623564059  -5.1085403
2460919.812500000 Am  15 28 51.10 -14 26 23.2  17 34 44.7241  2.57465556340426  -5.0871032
2460919.822916667 Am  15 28 49.59 -14 26 18.9  17 49 47.1883  2.57462501800132  -5.0663940
2460919.833333333  m  15 28 48.08 -14 26 14.5  18 04 49.6525  2.57459459481811  -5.0464899
2460919.843750000  m  15 28 46.57 -14 26 10.2  18 19 52.1167  2.57456428878547  -5.0274650
2460919.854166667  m  15 28 45.06 -14 26 05.8  18 34 54.5808  2.57453409440045  -5.0093895
2460919.864583333  m  15 28 43.55 -14 26 01.5  18 49 57.0450  2.57450400575008  -4.9923294
2460920.770833333 Cm  15 26 33.52 -14 19 44.3  16 38 31.4289  2.57181290791681  -4.9101413
2460920.781250000 Nm  15 26 32.02 -14 19 40.0  16 53 33.8930  2.57178343318678  -4.8874274
2460920.791666667 Nm  15 26 30.52 -14 19 35.6  17 08 36.3572  2.57175409361682  -4.8652282
2460920.802083333 Am  15 26 29.02 -14 19 31.2  17 23 38.8214  2.57172488585366  -4.8436285
2460920.812500000 Am  15 26 27.53 -14 19 26.9  17 38 41.2856  2.57169580604118  -4.8227106
2460920.822916667 Am  15 26 26.03 -14 19 22.5  17 53 43.7498  2.57166684983706  -4.8025538
2460920.833333333  m  15 26 24.53 -14 19 18.1  18 08 46.2140  2.57163801243141  -4.7832342
2460920.843750000  m  15 26 23.03 -14 19 13.7  18 23 48.6781  2.57160928856751  -4.7648241
2460920.854166667  m  15 26 21.54 -14 19 09.4  18 38 51.1423  2.57158067256446  -4.7473922
2460920.864583333  m  15 26 20.04 -14 19 05.0  18 53 53.6065  2.57155215834167  -4.7310026
2460921.770833333 Cm  15 24 11.11 -14 12 46.4  16 42 27.9903  2.56898915621168  -4.6661954
2460921.781250000 Nm  15 24 09.63 -14 12 42.0  16 57 30.4545  2.56896114803905  -4.6439063
2460921.791666667 Nm  15 24 08.14 -14 12 37.6  17 12 32.9187  2.56893327236132  -4.6221679
2460921.802083333 Nm  15 24 06.65 -14 12 33.2  17 27 35.3829  2.56890552561096  -4.6010643
2460921.812500000 Am  15 24 05.17 -14 12 28.9  17 42 37.8470  2.56887790372413  -4.5806763
2460921.822916667 Am  15 24 03.68 -14 12 24.5  17 57 40.3112  2.56885040215810  -4.5610821
2460921.833333333  m  15 24 02.20 -14 12 20.1  18 12 42.7754  2.56882301591084  -4.5423562
2460921.843750000  m  15 24 00.71 -14 12 15.7  18 27 45.2396  2.56879573954255  -4.5245695
2460921.854166667  m  15 23 59.23 -14 12 11.3  18 42 47.7037  2.56876856719910  -4.5077889
2460858.031250000     18 06 49.23 -18 41 26.7  18 46 09.9296  3.49065991356788 -52.9334275
2460858.041666667     18 06 47.93 -18 41 26.2  19 01 12.3937  3.49034148874714 -52.9035428
2460858.052083333     18 06 46.64 -18 41 25.8  19 16 14.8578  3.49002324285399 -52.8739714
2460858.062500000     18 06 45.34 -18 41 25.4  19 31 17.3219  3.48970517374039 -52.8448005