2.460911843889222015e+06 1.500000000000000000e+01 4.800000000000000000e+01 3.779737221920143497e+01 -1.500000000000000000e+01 2.000000000000000000e+01 2.280919430362047251e+01 1.700000000000000000e+01 4.800000000000000000e+01 3.174761988000483370e+01 1.257367184416580130e-01 1.676562967342931643e+00
2.460911845048222225e+06 1.500000000000000000e+01 4.800000000000000000e+01 3.761882225539537217e+01 -1.500000000000000000e+01 2.000000000000000000e+01 2.267269132630218564e+01 1.700000000000000000e+01 5.000000000000000000e+01 1.215877775999985033e+01 1.227369869661742996e-01 1.587657057553570894e+00
2.460911846213222016e+06 1.500000000000000000e+01 4.800000000000000000e+01 3.744968554646888492e+01 -1.500000000000000000e+01 2.000000000000000000e+01 2.185788853208094906e+01 1.700000000000000000e+01 5.100000000000000000e+01 5.309035703999796851e+01 1.278615473142963310e-01 1.666916890925307371e+00
2.460911847377222031e+06 1.500000000000000000e+01 4.800000000000000000e+01 3.722702299141900539e+01 -1.500000000000000000e+01 2.000000000000000000e+01 2.185524508297334023e+01 1.700000000000000000e+01 5.300000000000000000e+01 3.393570047999759254e+01 1.173672043000806298e-01 1.612125669151254215e+00
2.460911848536222242e+06 1.500000000000000000e+01 4.800000000000000000e+01 3.713115724812652729e+01 -1.500000000000000000e+01 2.000000000000000000e+01 2.085352968727889333e+01 1.700000000000000000e+01 5.500000000000000000e+01 1.434786131999885583e+01 1.200605557687595137e-01 1.545955877418947466e+00
2.460911849700222258e+06 1.500000000000000000e+01 4.800000000000000000e+01 3.691943181114226036e+01 -1.500000000000000000e+01 2.000000000000000000e+01 2.050002726030655253e+01 1.700000000000000000e+01 5.600000000000000000e+01 5.519220215999865786e+01 1.247996211418467283e-01 1.535808391527382355e+00
2.460911850864222273e+06 1.500000000000000000e+01 4.800000000000000000e+01 3.676205337112790517e+01 -1.500000000000000000e+01 2.000000000000000000e+01 2.037366883927447248e+01 1.700000000000000000e+01 5.800000000000000000e+01 3.603754596000470656e+01 1.327816521848035336e-01 1.571452744890677877e+00
2.460911852026222274e+06 1.500000000000000000e+01 4.800000000000000000e+01 3.651243881091915000e+01 -1.500000000000000000e+01 2.000000000000000000e+01 2.087859511808503044e+01 1.800000000000000000e+01 0.000000000000000000e+00 1.670941548000115517e+01 1.382046181220175640e-01 1.673299906008196558e+00
2.460911853185222019e+06 1.500000000000000000e+01 4.800000000000000000e+01 3.638116266811806554e+01 -1.500000000000000000e+01 2.000000000000000000e+01 1.956436057272767925e+01 1.800000000000000000e+01 1.000000000000000000e+00 5.712057372000259647e+01 1.311948874035806512e-01 1.602945623039175871e+00
2.460911854347222019e+06 1.500000000000000000e+01 4.800000000000000000e+01 3.618551013886175838e+01 -1.500000000000000000e+01 2.000000000000000000e+01 1.872555847421537578e+01 1.800000000000000000e+01 3.000000000000000000e+00 3.779244395999910466e+01 1.223676868744405510e-01 1.493301410481961966e+00
2.460911929312222172e+06 1.500000000000000000e+01 4.800000000000000000e+01 2.463655142634067374e+01 -1.500000000000000000e+01 1.900000000000000000e+01 4.918913892246678188e+01 1.900000000000000000e+01 5.100000000000000000e+01 5.250129912000090826e+01 1.174459759567980655e-01 1.408212785798212963e+00
2.460911930474222172e+06 1.500000000000000000e+01 4.800000000000000000e+01 2.442340998244787897e+01 -1.500000000000000000e+01 1.900000000000000000e+01 4.872476206918236130e+01 1.900000000000000000e+01 5.300000000000000000e+01 3.317316900000378155e+01 1.146857733192518936e-01 1.449514527377004924e+00
2.460911931634222157e+06 1.500000000000000000e+01 4.800000000000000000e+01 2.431202304582640750e+01 -1.500000000000000000e+01 1.900000000000000000e+01 4.808493413736186994e+01 1.900000000000000000e+01 5.500000000000000000e+01 1.367156496000347943e+01 1.149044488442996226e-01 1.343328225161855016e+00
2.460911932798222173e+06 1.500000000000000000e+01 4.800000000000000000e+01 2.413822825902769864e+01 -1.500000000000000000e+01 1.900000000000000000e+01 4.782835662064414350e+01 1.900000000000000000e+01 5.600000000000000000e+01 5.451590580000328146e+01 1.166017942159669474e-01 1.418874656589252936e+00
2.460911933959222399e+06 1.500000000000000000e+01 4.800000000000000000e+01 2.393010598799463651e+01 -1.500000000000000000e+01 1.900000000000000000e+01 4.680414151010324986e+01 1.900000000000000000e+01 5.800000000000000000e+01 3.510154020000129549e+01 1.078447324334774748e-01 1.381747703666036386e+00
2.460911935124222189e+06 1.500000000000000000e+01 4.800000000000000000e+01 2.374894463013717427e+01 -1.500000000000000000e+01 1.900000000000000000e+01 4.677049340857578841e+01 2.000000000000000000e+01 0.000000000000000000e+00 1.603311912000577877e+01 1.042732318478556408e-01 1.376246295140504117e+00
2.460911936285222415e+06 1.500000000000000000e+01 4.800000000000000000e+01 2.360415661917414809e+01 -1.500000000000000000e+01 1.900000000000000000e+01 4.619610944738198555e+01 2.000000000000000000e+01 1.000000000000000000e+00 5.661775055999754613e+01 1.184953009237688093e-01 1.395271773306205887e+00
2.460911937449222431e+06 1.500000000000000000e+01 4.800000000000000000e+01 2.340911941611423686e+01 -1.500000000000000000e+01 1.900000000000000000e+01 4.573894167674041000e+01 2.000000000000000000e+01 3.000000000000000000e+00 3.746309399999717016e+01 1.084280570421469747e-01 1.388009640184151294e+00
2.460911938613221981e+06 1.500000000000000000e+01 4.800000000000000000e+01 2.324603413729676049e+01 -1.500000000000000000e+01 1.900000000000000000e+01 4.534990484339388672e+01 2.000000000000000000e+01 5.000000000000000000e+00 1.830743448000333728e+01 1.191908564396726433e-01 1.449078568447248472e+00
2.460911939773222432e+06 1.500000000000000000e+01 4.800000000000000000e+01 2.306710722979204320e+01 -1.500000000000000000e+01 1.900000000000000000e+01 4.510562517236834879e+01 2.000000000000000000e+01 6.000000000000000000e+00 5.880583079999667007e+01 1.210517204981442774e-01 1.369444407735187497e+00
2.460911944362222217e+06 1.500000000000000000e+01 4.800000000000000000e+01 2.232919579697039580e+01 -1.500000000000000000e+01 1.900000000000000000e+01 4.302834777002203737e+01 2.000000000000000000e+01 1.300000000000000000e+01 3.638135208000051080e+01 1.270807591322409280e-01 1.608366711628406165e+00
2.460911945525221992e+06 1.500000000000000000e+01 4.800000000000000000e+01 2.217798894874405846e+01 -1.500000000000000000e+01 1.900000000000000000e+01 4.259556559048846225e+01 2.000000000000000000e+01 1.500000000000000000e+01 1.713945743999545357e+01 1.119340117998035566e-01 1.382600693031577066e+00
2.460911946690222248e+06 1.500000000000000000e+01 4.800000000000000000e+01 2.195002201089877758e+01 -1.500000000000000000e+01 1.900000000000000000e+01 4.222388886310909584e+01 2.000000000000000000e+01 1.600000000000000000e+01 5.807103635999993685e+01 1.150943865900444507e-01 1.466752898683409967e+00
2.460911947850222234e+06 1.500000000000000000e+01 4.800000000000000000e+01 2.178679898102913626e+01 -1.500000000000000000e+01 1.900000000000000000e+01 4.156623194148409084e+01 2.000000000000000000e+01 1.800000000000000000e+01 3.856943231999963473e+01 1.133819097003652132e-01 1.333860175137857595e+00
2.460911949014222249e+06 1.500000000000000000e+01 4.800000000000000000e+01 2.163602343610946832e+01 -1.500000000000000000e+01 1.900000000000000000e+01 4.229777365868997663e+01 2.000000000000000000e+01 2.000000000000000000e+01 1.941477612000568342e+01 1.392194317827488703e-01 8.226423323662857001e-01
2.460911950172222219e+06 1.500000000000000000e+01 4.800000000000000000e+01 2.143443958691875650e+01 -1.500000000000000000e+01 1.900000000000000000e+01 4.062931287594068408e+01 2.000000000000000000e+01 2.100000000000000000e+01 5.973969816000220590e+01 1.146502311644326255e-01 1.131923505032261801e+00
2.460911951332222205e+06 1.500000000000000000e+01 4.800000000000000000e+01 2.125934332025536833e+01 -1.500000000000000000e+01 1.900000000000000000e+01 4.012313301165789881e+01 2.000000000000000000e+01 2.300000000000000000e+01 4.023809447999553868e+01 1.189906085983238881e-01 1.434700440555758405e+00
2.460911952492222190e+06 1.500000000000000000e+01 4.800000000000000000e+01 2.105624567045978779e+01 -1.500000000000000000e+01 1.900000000000000000e+01 4.017764975388246285e+01 2.000000000000000000e+01 2.500000000000000000e+01 2.073649043999523656e+01 1.162656738756595587e-01 1.336462760056633670e+00
2.460911953656222206e+06 1.500000000000000000e+01 4.800000000000000000e+01 2.085657785595998348e+01 -1.500000000000000000e+01 1.900000000000000000e+01 3.943705926856097221e+01 2.000000000000000000e+01 2.700000000000000000e+01 1.581833879994860581e+00 1.180109710253418598e-01 1.416388584447503263e+00
2.460911954822222237e+06 1.500000000000000000e+01 4.800000000000000000e+01 2.070277175660891089e+01 -1.500000000000000000e+01 1.900000000000000000e+01 3.912279021492594211e+01 2.000000000000000000e+01 2.800000000000000000e+01 4.259964828000420312e+01 1.155462124597761431e-01 1.469657692848613806e+00
2.460912799143222161e+06 1.500000000000000000e+01 4.600000000000000000e+01 1.178700184356756608e+01 -1.500000000000000000e+01 1.400000000000000000e+01 2.784983043677726755e+00 1.600000000000000000e+01 4.700000000000000000e+01 5.165597975999418168e+01 1.363653187604541017e-01 1.670181541651061252e+00
2.460912801127222367e+06 1.500000000000000000e+01 4.600000000000000000e+01 1.141629293400768574e+01 -1.500000000000000000e+01 1.400000000000000000e+01 2.691079280358934511e+00 1.600000000000000000e+01 5.000000000000000000e+01 4.354329119999533759e+01 1.400798533313718508e-01 1.751366913650542756e+00
2.460912803440222051e+06 1.500000000000000000e+01 4.600000000000000000e+01 1.109328854941168174e+01 -1.500000000000000000e+01 1.400000000000000000e+01 2.043322850795306067e+00 1.600000000000000000e+01 5.400000000000000000e+01 3.933425160005867838e+00 1.489624428586466820e-01 1.704863909623810514e+00
2.460912806149222422e+06 1.500000000000000000e+01 4.600000000000000000e+01 1.063766268356275191e+01 -1.500000000000000000e+01 1.400000000000000000e+01 8.529215507662968321e-01 1.600000000000000000e+01 5.700000000000000000e+01 5.863223376000121334e+01 1.293354896938581078e-01 1.664409945112765854e+00
2.460912807876222301e+06 1.500000000000000000e+01 4.600000000000000000e+01 1.034861376684418133e+01 -1.500000000000000000e+01 1.400000000000000000e+01 2.819223137470316942e-01 1.700000000000000000e+01 0.000000000000000000e+00 2.825375183999909723e+01 1.319862283185102569e-01 1.666730093749180242e+00
2.460913798266222235e+06 1.500000000000000000e+01 4.300000000000000000e+01 3.999129320938379806e+01 -1.500000000000000000e+01 7.000000000000000000e+00 2.438128711494258027e+01 1.600000000000000000e+01 5.000000000000000000e+01 3.222413376000048402e+01 1.318897319038114802e-01 1.678345377101919667e+00
2.460913799423222430e+06 1.500000000000000000e+01 4.300000000000000000e+01 3.979451747353095925e+01 -1.500000000000000000e+01 7.000000000000000000e+00 2.440993462985645124e+01 1.600000000000000000e+01 5.200000000000000000e+01 1.246181735999869034e+01 1.423153075347727281e-01 1.647017809835205071e+00
2.460913800588222221e+06 1.500000000000000000e+01 4.300000000000000000e+01 3.963369663400555964e+01 -1.500000000000000000e+01 7.000000000000000000e+00 2.363727781962438712e+01 1.600000000000000000e+01 5.300000000000000000e+01 5.339339556000311404e+01 1.306240634471578232e-01 1.610366844174393464e+00
2.460913801754222251e+06 1.500000000000000000e+01 4.300000000000000000e+01 3.944322197968446631e+01 -1.500000000000000000e+01 7.000000000000000000e+00 2.337420868416970166e+01 1.600000000000000000e+01 5.500000000000000000e+01 3.441221220000585390e+01 1.385153079263545806e-01 1.573752758497448667e+00
2.460913802914222237e+06 1.500000000000000000e+01 4.300000000000000000e+01 3.926233533810233212e+01 -1.500000000000000000e+01 7.000000000000000000e+00 2.225630824663184626e+01 1.600000000000000000e+01 5.700000000000000000e+01 1.491060779999912711e+01 1.286307931150076911e-01 1.580145535947252711e+00
2.460913804074222222e+06 1.500000000000000000e+01 4.300000000000000000e+01 3.910629143063644619e+01 -1.500000000000000000e+01 7.000000000000000000e+00 2.193439157573735088e+01 1.600000000000000000e+01 5.800000000000000000e+01 5.540900340000519009e+01 1.269747496803574904e-01 1.562108516165494621e+00
2.460913806558222044e+06 1.500000000000000000e+01 4.300000000000000000e+01 3.878367667963303234e+01 -1.500000000000000000e+01 7.000000000000000000e+00 2.091392020029758214e+01 1.700000000000000000e+01 2.000000000000000000e+00 3.061358663999726559e+01 1.306320641810998495e-01 1.658517705590867308e+00
2.460913807722222060e+06 1.500000000000000000e+01 4.300000000000000000e+01 3.857206601041525573e+01 -1.500000000000000000e+01 7.000000000000000000e+00 2.024074720138557382e+01 1.700000000000000000e+01 4.000000000000000000e+00 1.145892935999683004e+01 1.284241402527186438e-01 1.637219699780700921e+00
2.460913808886222076e+06 1.500000000000000000e+01 4.300000000000000000e+01 3.835690300692434107e+01 -1.500000000000000000e+01 7.000000000000000000e+00 1.977369122182992101e+01 1.700000000000000000e+01 5.000000000000000000e+00 5.230427207999639450e+01 1.331463701626489637e-01 1.658887940102715675e+00
2.460913810051222332e+06 1.500000000000000000e+01 4.300000000000000000e+01 3.817513531732046772e+01 -1.500000000000000000e+01 7.000000000000000000e+00 1.926948466586708264e+01 1.700000000000000000e+01 7.000000000000000000e+00 3.323585028000081820e+01 1.252814023837345303e-01 1.618348792377588552e+00
2.460913813879222143e+06 1.500000000000000000e+01 4.300000000000000000e+01 3.762807781274418062e+01 -1.500000000000000000e+01 7.000000000000000000e+00 1.760381931250975640e+01 1.700000000000000000e+01 1.300000000000000000e+01 4.880355240004234929e+00 1.326298436470096931e-01 1.605722947950027901e+00
2.460913815043222159e+06 1.500000000000000000e+01 4.300000000000000000e+01 3.745562768488966299e+01 -1.500000000000000000e+01 7.000000000000000000e+00 1.723799722621592423e+01 1.700000000000000000e+01 1.400000000000000000e+01 4.572469536000397738e+01 1.302475496868282789e-01 1.690141814241030715e+00
2.460913816207222175e+06 1.500000000000000000e+01 4.300000000000000000e+01 3.725127079733681512e+01 -1.500000000000000000e+01 7.000000000000000000e+00 1.704698158190282697e+01 1.700000000000000000e+01 1.600000000000000000e+01 2.657003808000354184e+01 1.244282607581226330e-01 1.690234753088049047e+00
2.460913817370222416e+06 1.500000000000000000e+01 4.300000000000000000e+01 3.709151470462373368e+01 -1.500000000000000000e+01 7.000000000000000000e+00 1.641485277861704617e+01 1.700000000000000000e+01 1.800000000000000000e+01 7.328142719998425036e+00 1.322795883947947004e-01 1.564640824422980359e+00
2.460913818529222161e+06 1.500000000000000000e+01 4.300000000000000000e+01 3.688884479527601457e+01 -1.500000000000000000e+01 7.000000000000000000e+00 1.601946393270978319e+01 1.700000000000000000e+01 1.900000000000000000e+01 4.774030283999962876e+01 1.302339129415486241e-01 1.308834853975326951e+00
2.460913819688222371e+06 1.500000000000000000e+01 4.300000000000000000e+01 3.672594469817170193e+01 -1.500000000000000000e+01 7.000000000000000000e+00 1.569357183327852567e+01 1.700000000000000000e+01 2.100000000000000000e+01 2.815145999999458581e+01 1.270537643767966074e-01 1.441026240618725751e+00
2.460913820848222356e+06 1.500000000000000000e+01 4.300000000000000000e+01 3.656168894271701220e+01 -1.500000000000000000e+01 7.000000000000000000e+00 1.521437692462257019e+01 1.700000000000000000e+01 2.300000000000000000e+01 8.649855600000648792e+00 1.280755529160160222e-01 1.564218931751781838e+00
2.460913822008222342e+06 1.500000000000000000e+01 4.300000000000000000e+01 3.635525623034652654e+01 -1.500000000000000000e+01 7.000000000000000000e+00 1.421864589614429519e+01 1.700000000000000000e+01 2.400000000000000000e+01 4.914825119999392200e+01 1.208939064713376865e-01 1.669698047894030424e+00
2.460913823173222132e+06 1.500000000000000000e+01 4.300000000000000000e+01 3.620523743058299715e+01 -1.500000000000000000e+01 7.000000000000000000e+00 1.425377917486898127e+01 1.700000000000000000e+01 2.600000000000000000e+01 3.007982939999834571e+01 1.181525020592744113e-01 1.582414757909589298e+00
2.460913824333222117e+06 1.500000000000000000e+01 4.300000000000000000e+01 3.600418676097916659e+01 -1.500000000000000000e+01 7.000000000000000000e+00 1.363891776412302193e+01 1.700000000000000000e+01 2.800000000000000000e+01 1.057822500000440868e+01 1.217434127465821803e-01 1.558616739486495817e+00
2.460920807129222434e+06 1.500000000000000000e+01 2.600000000000000000e+01 2.837280227353048190e+01 -1.400000000000000000e+01 1.900000000000000000e+01 2.973501239284445319e+01 1.700000000000000000e+01 3.000000000000000000e+01 5.596975547999392120e+01 1.430792803284930415e-01 1.709580388767051318e+00
2.460920808297222015e+06 1.500000000000000000e+01 2.600000000000000000e+01 2.821300729100443050e+01 -1.400000000000000000e+01 1.900000000000000000e+01 2.869180978556386208e+01 1.700000000000000000e+01 3.200000000000000000e+01 3.716105819999484083e+01 1.506183728292853630e-01 1.935064546474052349e+00
2.460920809464222286e+06 1.500000000000000000e+01 2.600000000000000000e+01 2.797910337623306987e+01 -1.400000000000000000e+01 1.900000000000000000e+01 2.857422533795158870e+01 1.700000000000000000e+01 3.400000000000000000e+01 1.826612579999732588e+01 1.398114732364774682e-01 1.788585180071322611e+00
2.460920810631222092e+06 1.500000000000000000e+01 2.600000000000000000e+01 2.785616614300124638e+01 -1.400000000000000000e+01 1.900000000000000000e+01 2.811454647809185303e+01 1.700000000000000000e+01 3.500000000000000000e+01 5.937119339999981094e+01 1.443396410172681499e-01 1.890799474514182066e+00
2.460920811795222107e+06 1.500000000000000000e+01 2.600000000000000000e+01 2.772768448033545496e+01 -1.400000000000000000e+01 1.900000000000000000e+01 2.770180174924576022e+01 1.700000000000000000e+01 3.700000000000000000e+01 4.021554899999443933e+01 1.414504143554040638e-01 1.858245077364983899e+00
2.460920815499222372e+06 1.500000000000000000e+01 2.600000000000000000e+01 2.719667271631621475e+01 -1.400000000000000000e+01 1.900000000000000000e+01 2.572426556584431978e+01 1.700000000000000000e+01 4.300000000000000000e+01 1.117772760002537780e+00 1.270001357966066280e-01 1.659457898544758336e+00
2.460920816666222177e+06 1.500000000000000000e+01 2.600000000000000000e+01 2.699648877054428908e+01 -1.400000000000000000e+01 1.900000000000000000e+01 2.543843473728969684e+01 1.700000000000000000e+01 4.400000000000000000e+01 4.222284036000502283e+01 1.226950487603062356e-01 1.585445169600774307e+00
2.460920817835221998e+06 1.500000000000000000e+01 2.600000000000000000e+01 2.676801953119621658e+01 -1.400000000000000000e+01 1.900000000000000000e+01 2.506559877659299218e+01 1.700000000000000000e+01 4.600000000000000000e+01 2.350037892000443662e+01 1.225120903063725564e-01 1.783164525311065063e+00
2.460920822572221979e+06 1.500000000000000000e+01 2.600000000000000000e+01 2.613280219693066897e+01 -1.400000000000000000e+01 1.900000000000000000e+01 2.282837596411425807e+01 1.700000000000000000e+01 5.300000000000000000e+01 1.389797016000613894e+01 1.188942231988221465e-01 1.592628933456552431e+00
2.460913831309374887e+06 1.500000000000000000e+01 4.300000000000000000e+01 3.494695559889436254e+01 -1.500000000000000000e+01 7.000000000000000000e+00 1.112699818560642484e+01 1.700000000000000000e+01 3.800000000000000000e+01 1.496842044000004535e+01 1.495954241931940487e-01 1.941005775397286470e+00
2.460913829743981361e+06 1.500000000000000000e+01 4.300000000000000000e+01 3.521788161641879356e+01 -1.500000000000000000e+01 7.000000000000000000e+00 1.149163330387239057e+01 1.700000000000000000e+01 3.500000000000000000e+01 5.934813000000360717e+01 1.391548903234252066e-01 1.946738051088203747e+00
2.460913825022800826e+06 1.500000000000000000e+01 4.300000000000000000e+01 3.596491897339760158e+01 -1.500000000000000000e+01 7.000000000000000000e+00 1.325776078199922381e+01 1.700000000000000000e+01 2.900000000000000000e+01 1.032134460000321496e+01 1.549829785813017224e-01 1.935035732633139105e+00
2.460913823415393475e+06 1.500000000000000000e+01 4.300000000000000000e+01 3.615940862993099358e+01 -1.500000000000000000e+01 7.000000000000000000e+00 1.252151768193272119e+01 1.700000000000000000e+01 2.600000000000000000e+01 5.106111575999761953e+01 1.505198100653615256e-01 1.937793068554327647e+00
2.460913836240625009e+06 1.500000000000000000e+01 4.300000000000000000e+01 3.422773953705842587e+01 -1.500000000000000000e+01 7.000000000000000000e+00 7.547735628424163679e+00 1.700000000000000000e+01 4.500000000000000000e+01 2.219489748000142981e+01 1.695093814714709879e-01 2.077536178003214218e+00
2.460913861718171276e+06 1.500000000000000000e+01 4.300000000000000000e+01 3.032687544441941441e+01 -1.500000000000000000e+01 6.000000000000000000e+00 5.859933966761175839e+01 1.800000000000000000e+01 2.200000000000000000e+01 9.481558079997682853e+00 1.636168516120051208e-01 2.053250100994574723e+00
2.460913860111342743e+06 1.500000000000000000e+01 4.300000000000000000e+01 3.060718171893739736e+01 -1.500000000000000000e+01 6.000000000000000000e+00 5.743504219226537089e+01 1.800000000000000000e+01 1.900000000000000000e+01 5.027146571999651314e+01 1.395906545076286420e-01 2.021286736712823995e+00
2.460913875556481536e+06 1.500000000000000000e+01 4.300000000000000000e+01 2.827250924597677795e+01 -1.500000000000000000e+01 6.000000000000000000e+00 5.120474551853973821e+01 1.800000000000000000e+01 4.200000000000000000e+01 8.384981760005700835e+00 1.251762874312589702e-01 1.655466876024291878e+00
2.460913878664120100e+06 1.500000000000000000e+01 4.300000000000000000e+01 2.778338378164065148e+01 -1.500000000000000000e+01 6.000000000000000000e+00 5.181627747396944983e+01 1.800000000000000000e+01 4.600000000000000000e+01 3.762008724000565962e+01 1.621855908479119535e-01 1.968706140496578882e+00
2.460913877111111302e+06 1.500000000000000000e+01 4.300000000000000000e+01 2.799063780554831737e+01 -1.500000000000000000e+01 6.000000000000000000e+00 5.201610214645825181e+01 1.800000000000000000e+01 4.400000000000000000e+01 2.307272604000360161e+01 1.866306675060513953e-01 1.915409570037240883e+00
2.460913873954166658e+06 1.500000000000000000e+01 4.300000000000000000e+01 2.852643838529871800e+01 -1.500000000000000000e+01 6.000000000000000000e+00 5.343609138616770338e+01 1.800000000000000000e+01 3.900000000000000000e+01 4.956595740000352635e+01 1.322670231934353069e-01 1.798017075272184684e+00
2.460913872346064541e+06 1.500000000000000000e+01 4.300000000000000000e+01 2.874879964080008676e+01 -1.500000000000000000e+01 6.000000000000000000e+00 5.195381260318768568e+01 1.800000000000000000e+01 3.700000000000000000e+01 3.024556391999510652e+01 1.494669367934875481e-01 1.615217256604495333e+00
2.460913880223032553e+06 1.500000000000000000e+01 4.300000000000000000e+01 2.754859426623326613e+01 -1.500000000000000000e+01 6.000000000000000000e+00 5.069898065546794896e+01 1.800000000000000000e+01 4.800000000000000000e+01 5.267884464000587741e+01 1.485124189821362961e-01 1.854544352422493603e+00
2.460913886674884241e+06 1.500000000000000000e+01 4.300000000000000000e+01 2.654697659850853597e+01 -1.500000000000000000e+01 6.000000000000000000e+00 4.599141801380582706e+01 1.800000000000000000e+01 5.800000000000000000e+01 1.164501696000257880e+01 2.067900886549978168e-01 2.056039820419641728e+00
2.460913889783217572e+06 1.500000000000000000e+01 4.300000000000000000e+01 2.605551323947537412e+01 -1.500000000000000000e+01 6.000000000000000000e+00 4.685391469960237032e+01 1.900000000000000000e+01 2.000000000000000000e+00 4.094028671999893731e+01 1.333774976569657156e-01 1.880339687065202270e+00
2.460913888229398057e+06 1.500000000000000000e+01 4.300000000000000000e+01 2.635744052073832222e+01 -1.500000000000000000e+01 6.000000000000000000e+00 4.780293048724658433e+01 1.900000000000000000e+01 0.000000000000000000e+00 2.632273380000214047e+01 1.467329432034603087e-01 1.907721370891124479e+00
2.460913885072569363e+06 1.500000000000000000e+01 4.300000000000000000e+01 2.680286235945999351e+01 -1.500000000000000000e+01 6.000000000000000000e+00 4.904892414443168036e+01 1.800000000000000000e+01 5.500000000000000000e+01 5.282599260000040431e+01 1.345608431711298181e-01 1.843930201002308422e+00
2.460913891337037086e+06 1.500000000000000000e+01 4.300000000000000000e+01 2.591047604199133048e+01 -1.500000000000000000e+01 6.000000000000000000e+00 4.665665188154136445e+01 1.900000000000000000e+01 4.000000000000000000e+00 5.555783963999573416e+01 2.008307775645334914e-01 1.951133505981061944e+00
2.460913897782523185e+06 1.500000000000000000e+01 4.300000000000000000e+01 2.485799051167887797e+01 -1.500000000000000000e+01 6.000000000000000000e+00 4.143525321653612536e+01 1.900000000000000000e+01 1.400000000000000000e+01 1.397250635999455426e+01 1.562370678288971249e-01 2.237188714877191842e+00
2.460913900891666766e+06 1.500000000000000000e+01 4.300000000000000000e+01 2.437247448515378778e+01 -1.500000000000000000e+01 6.000000000000000000e+00 4.293623621550977987e+01 1.900000000000000000e+01 1.800000000000000000e+01 4.333796783999844138e+01 1.345993654581434384e-01 1.844861745303205680e+00
2.460913899338426068e+06 1.500000000000000000e+01 4.300000000000000000e+01 2.466465588734337189e+01 -1.500000000000000000e+01 6.000000000000000000e+00 4.342230888905135089e+01 1.900000000000000000e+01 1.600000000000000000e+01 2.877055175999970515e+01 1.598714637179909914e-01 1.974888063956115047e+00
2.460913896180208307e+06 1.500000000000000000e+01 4.300000000000000000e+01 2.510482857615031094e+01 -1.500000000000000000e+01 6.000000000000000000e+00 4.452766537309088335e+01 1.900000000000000000e+01 1.100000000000000000e+01 5.515348200000516954e+01 1.542254531545950158e-01 1.956812022946508023e+00
2.460913894574421458e+06 1.500000000000000000e+01 4.300000000000000000e+01 2.538008107084166909e+01 -1.500000000000000000e+01 6.000000000000000000e+00 4.286424461431735722e+01 1.900000000000000000e+01 9.000000000000000000e+00 3.603363623999541687e+01 1.399030866878092638e-01 1.923494734370478909e+00
2.460913902445486281e+06 1.500000000000000000e+01 4.300000000000000000e+01 2.416177270823183676e+01 -1.500000000000000000e+01 6.000000000000000000e+00 4.202412535189111509e+01 1.900000000000000000e+01 2.000000000000000000e+01 5.795552075999523822e+01 2.028809924240704277e-01 2.086261556841861875e+00
2.460913908893750049e+06 1.500000000000000000e+01 4.300000000000000000e+01 2.325644933454967145e+01 -1.500000000000000000e+01 6.000000000000000000e+00 3.638860086174005914e+01 1.900000000000000000e+01 3.000000000000000000e+01 1.661084423999881210e+01 1.788535603259333584e-01 2.243009150396346740e+00
2.460913910449768417e+06 1.500000000000000000e+01 4.300000000000000000e+01 2.294736112852476140e+01 -1.500000000000000000e+01 6.000000000000000000e+00 3.852039704193060743e+01 1.900000000000000000e+01 3.200000000000000000e+01 3.141891743999593700e+01 1.517176994229885167e-01 1.982155046076172766e+00
2.460913905686458107e+06 1.500000000000000000e+01 4.300000000000000000e+01 2.368115511525672900e+01 -1.500000000000000000e+01 6.000000000000000000e+00 3.802472013608038992e+01 1.900000000000000000e+01 2.500000000000000000e+01 3.874216583999441355e+01 1.422468321948144876e-01 1.965922065414105191e+00
2.460913913557407446e+06 1.500000000000000000e+01 4.300000000000000000e+01 2.254998894305771273e+01 -1.500000000000000000e+01 6.000000000000000000e+00 3.790452354307532801e+01 1.900000000000000000e+01 3.700000000000000000e+01 6.540229199958957906e-01 1.685466237336186168e-01 3.670906522187777909e+00
2.460913923116435297e+06 1.500000000000000000e+01 4.300000000000000000e+01 2.095676850264254654e+01 -1.500000000000000000e+01 6.000000000000000000e+00 3.373297537258977741e+01 1.900000000000000000e+01 5.000000000000000000e+01 4.881519204000568379e+01 3.103952764217865479e-01 2.196205917209681502e+00
2.460913921561689582e+06 1.500000000000000000e+01 4.300000000000000000e+01 2.122251849633343568e+01 -1.500000000000000000e+01 6.000000000000000000e+00 3.403247157393934685e+01 1.900000000000000000e+01 4.800000000000000000e+01 3.411741996000301924e+01 2.905570418147362943e-01 2.303925629815495313e+00
2.460917795088194311e+06 1.500000000000000000e+01 3.300000000000000000e+01 4.454471565229283669e+01 -1.400000000000000000e+01 4.000000000000000000e+01 1.806930183579069649e+01 1.700000000000000000e+01 1.000000000000000000e+00 4.309735980000453992e+01 1.646890394067668240e-01 2.148523645881539323e+00
2.460917793506134301e+06 1.500000000000000000e+01 3.300000000000000000e+01 4.478073796424027364e+01 -1.400000000000000000e+01 4.000000000000000000e+01 1.871323272604499266e+01 1.600000000000000000e+01 5.900000000000000000e+01 2.603311259999742333e+01 1.674966410587330756e-01 2.108813014368848826e+00
2.460917799789467361e+06 1.500000000000000000e+01 3.300000000000000000e+01 4.384321779912994543e+01 -1.400000000000000000e+01 4.000000000000000000e+01 1.575949277192165709e+01 1.700000000000000000e+01 8.000000000000000000e+00 3.039947771999436554e+01 1.713297855485507171e-01 2.177621755435410478e+00
2.460917798208680470e+06 1.500000000000000000e+01 3.300000000000000000e+01 4.407792543696061216e+01 -1.400000000000000000e+01 4.000000000000000000e+01 1.650786620936273152e+01 1.700000000000000000e+01 6.000000000000000000e+00 1.344553200000092374e+01 1.775111771280535322e-01 2.410580150013430512e+00
2.460917804820023011e+06 1.500000000000000000e+01 3.300000000000000000e+01 4.313926861693289538e+01 -1.400000000000000000e+01 4.000000000000000000e+01 1.365576245722195381e+01 1.700000000000000000e+01 1.500000000000000000e+01 4.622948999999607622e+01 1.822793790756804810e-01 2.734442902642086892e+00
2.460917803236689884e+06 1.500000000000000000e+01 3.300000000000000000e+01 4.337914586961815644e+01 -1.400000000000000000e+01 4.000000000000000000e+01 1.448863687631813946e+01 1.700000000000000000e+01 1.300000000000000000e+01 2.905494167999449928e+01 1.718691366932034725e-01 2.506733799759786052e+00
2.460917878918981645e+06 1.500000000000000000e+01 3.300000000000000000e+01 3.223374633549170198e+01 -1.400000000000000000e+01 3.900000000000000000e+01 4.364904971896720554e+01 1.900000000000000000e+01 2.000000000000000000e+00 4.590810888000078194e+01 2.464398514052845712e-01 2.957589201904653464e+00
2.460917877216666471e+06 1.500000000000000000e+01 3.300000000000000000e+01 3.242849081708854442e+01 -1.400000000000000000e+01 3.900000000000000000e+01 4.374932560955343774e+01 1.900000000000000000e+01 0.000000000000000000e+00 1.842541452000432400e+01 2.445513494126316800e-01 3.305581718269223757e+00
2.460917880447685253e+06 1.500000000000000000e+01 3.300000000000000000e+01 3.201392659351157022e+01 -1.400000000000000000e+01 3.900000000000000000e+01 4.199622433334852190e+01 1.900000000000000000e+01 4.000000000000000000e+00 5.834973431999571858e+01 1.870878870226988511e-01 3.009399679310575948e+00
2.460917885138772894e+06 1.500000000000000000e+01 3.300000000000000000e+01 3.130978719526680720e+01 -1.400000000000000000e+01 3.900000000000000000e+01 4.086367602719022329e+01 1.900000000000000000e+01 1.100000000000000000e+01 4.476944400000434143e+01 2.043315029914083425e-01 2.649392116471460668e+00
2.460917883557754569e+06 1.500000000000000000e+01 3.300000000000000000e+01 3.156323855716792082e+01 -1.400000000000000000e+01 3.900000000000000000e+01 4.089319879743470665e+01 1.900000000000000000e+01 9.000000000000000000e+00 2.779544303999500698e+01 2.436418306206178386e-01 3.032789175819772254e+00
2.460917888248147909e+06 1.500000000000000000e+01 3.300000000000000000e+01 3.083385698822709742e+01 -1.400000000000000000e+01 3.900000000000000000e+01 3.923865604957640585e+01 1.900000000000000000e+01 1.600000000000000000e+01 1.415498880000086501e+01 2.415189614816881658e-01 2.637199789886324197e+00
2.460917886667245533e+06 1.500000000000000000e+01 3.300000000000000000e+01 3.115691190350673878e+01 -1.400000000000000000e+01 3.900000000000000000e+01 4.162619259433228081e+01 1.900000000000000000e+01 1.300000000000000000e+01 5.719101491999623477e+01 2.531324723599936988e-01 3.378464185377083595e+00
2.460917894466666505e+06 1.500000000000000000e+01 3.300000000000000000e+01 2.991175115280782393e+01 -1.400000000000000000e+01 3.900000000000000000e+01 3.643227991718717362e+01 1.900000000000000000e+01 2.500000000000000000e+01 1.290602279999717439e+01 2.284643803386643413e-01 2.726957012065867048e+00
2.460917892885416746e+06 1.500000000000000000e+01 3.300000000000000000e+01 3.017606987792305517e+01 -1.400000000000000000e+01 3.900000000000000000e+01 3.772186548663455596e+01 1.900000000000000000e+01 2.200000000000000000e+01 5.591196696000395150e+01 3.276117519544641254e-01 2.214545480370588848e+00
2.460920830718634184e+06 1.500000000000000000e+01 2.600000000000000000e+01 2.509810066342780033e+01 -1.400000000000000000e+01 1.900000000000000000e+01 1.962524824111028465e+01 1.800000000000000000e+01 4.000000000000000000e+00 5.967509519999708800e+01 1.742161095125993597e-01 1.883962255512017236e+00
2.460920827060416341e+06 1.500000000000000000e+01 2.600000000000000000e+01 2.552157514807774419e+01 -1.400000000000000000e+01 1.900000000000000000e+01 2.122264273402109325e+01 1.700000000000000000e+01 5.900000000000000000e+01 4.273970279999502964e+01 1.658901347059327236e-01 1.722041371834848178e+00
2.460920823323842604e+06 1.500000000000000000e+01 2.600000000000000000e+01 2.612805360875199767e+01 -1.400000000000000000e+01 1.900000000000000000e+01 2.284058410326025523e+01 1.700000000000000000e+01 5.400000000000000000e+01 1.901577420000165830e+01 1.347770591110020177e-01 1.637667764470052134e+00
2.460920837954166345e+06 1.500000000000000000e+01 2.600000000000000000e+01 2.400483286372661951e+01 -1.400000000000000000e+01 1.900000000000000000e+01 1.609564138133151801e+01 1.800000000000000000e+01 1.500000000000000000e+01 2.653674192000181620e+01 1.190460159864414891e-01 1.633810220010190051e+00
2.460920834338194225e+06 1.500000000000000000e+01 2.600000000000000000e+01 2.446043800838438642e+01 -1.400000000000000000e+01 1.900000000000000000e+01 1.764847231110508119e+01 1.800000000000000000e+01 1.000000000000000000e+01 1.326134280000559329e+01 1.477366933727353171e-01 1.826133999133361385e+00
2.460920863708101679e+06 1.500000000000000000e+01 2.600000000000000000e+01 2.034117914263134708e+01 -1.400000000000000000e+01 1.900000000000000000e+01 5.828688022129426827e+00 1.800000000000000000e+01 5.200000000000000000e+01 3.776912436000003481e+01 1.563228676718608767e-01 1.925530714810719246e+00
2.460920860049999785e+06 1.500000000000000000e+01 2.600000000000000000e+01 2.082189591094319780e+01 -1.400000000000000000e+01 1.900000000000000000e+01 7.528052254399710819e+00 1.800000000000000000e+01 4.700000000000000000e+01 2.084375939999631555e+01 1.440327016371156787e-01 1.738225765346612661e+00
2.460920856434606481e+06 1.500000000000000000e+01 2.600000000000000000e+01 2.128481940724086030e+01 -1.400000000000000000e+01 1.900000000000000000e+01 1.044042563823225578e+01 1.800000000000000000e+01 4.200000000000000000e+01 7.618497480004577938e+00 1.705453577869775472e-01 1.944328810556328335e+00
2.460920874593750108e+06 1.500000000000000000e+01 2.600000000000000000e+01 1.869802101834650898e+01 -1.400000000000000000e+01 1.900000000000000000e+01 8.769693449436033461e-01 1.900000000000000000e+01 8.000000000000000000e+00 2.086424664000190887e+01 2.852223446848256572e-01 2.149724391202312290e+00
2.460920870936111081e+06 1.500000000000000000e+01 2.600000000000000000e+01 1.925495560861932631e+01 -1.400000000000000000e+01 1.900000000000000000e+01 2.804910867506151817e+00 1.900000000000000000e+01 3.000000000000000000e+00 3.978991079997911129e+00 1.706863184517715126e-01 1.981602326964093663e+00
2.460920867321180645e+06 1.500000000000000000e+01 2.600000000000000000e+01 1.977910664215883685e+01 -1.400000000000000000e+01 1.900000000000000000e+01 4.287177570459590470e+00 1.800000000000000000e+01 5.700000000000000000e+01 5.079383856000589503e+01 1.471338621422546566e-01 1.802076780330708061e+00
2.460857846703356598e+06 1.800000000000000000e+01 7.000000000000000000e+00 1.207374464804928493e+01 -1.800000000000000000e+01 4.100000000000000000e+01 3.356971113733436596e+01 1.400000000000000000e+01 1.900000000000000000e+01 4.144479636000241385e+01 1.031833153729166952e-01 1.074538946934922024e+00
2.460857855384374969e+06 1.800000000000000000e+01 7.000000000000000000e+00 1.097008162150558519e+01 -1.800000000000000000e+01 4.100000000000000000e+01 3.395166149077880391e+01 1.400000000000000000e+01 3.200000000000000000e+01 1.353830675999773803e+01 1.097569141347776167e-01 1.208477085927484040e+00
2.460857861900926102e+06 1.800000000000000000e+01 7.000000000000000000e+00 1.021770406216006677e+01 -1.800000000000000000e+01 4.100000000000000000e+01 3.339542837773109341e+01 1.400000000000000000e+01 4.100000000000000000e+01 3.810980867999887778e+01 7.829645563106168993e-02 9.917942094219256433e-01
