1.3981981981981983,1.3460960960960962,0.36478953735376973,6.019027366337201,0.20755266780473106,-12.837837837837839,1495978700000.0,1.01,0.0,5.134928100572453,2.0360572257600813,2460882.8719770745,6412842297.027161
5.67927927927928,14.257787787787787,5.440395686396738,2.4843425388748113,5.088185098606892,-13.73873873873874,1495978700000.0,1.4090576255743215,6.2046197221156785,5.639858515961161,1.6986785936201223,2461084.9999999576,6403023329.464191
0.5756756756756757,4.342952952952953,4.302000750861699,5.220264069028084,4.383763923027199,10.585585585585584,1495978700000.0,1.01,6.184626575105527,6.283185307179586,1.0456524747403082,2461084.998639764,6402644328.264721
1.2495495495495497,3.3066566566566564,1.792500312859041,3.9497901630718517,3.1887637144545047,2.9879879879879887,367805032960.10406,10.459559757610151,3.2916260079215784,1.034983186069263,6.267462208722507,2460883.6649812222,6378161140.227175
0.773873873873874,8.712202202202203,3.585000625718082,5.006421926441392,4.264263902169929,8.573573573573572,1495978700000.0,1.01,6.203452134829865,5.835977769503378,1.4911609118396543,2461085.0,6402642902.051286
1.2000000000000002,13.669619619619619,1.4968949981068482,0.6352369529781163,3.390026907477274,-1.576576576576576,342603332013.8788,13.557720117836803,3.0613849217124836,0.0,2.68237629930508,2460971.9194511254,12827.255892657053
0.545945945945946,6.975705705705706,1.7296055650394255,0.06918422260157703,6.069343164592893,-2.8378378378378386,401230269923.8052,15.0,3.0265574063410083,0.0,5.0559577056742935,2460875.0,6376761356.255399
6.908108108108109,11.372962962962962,5.176237745554354,2.629000458859927,4.698237662125276,4.3093093093093096,1495978700000.0,1.01,6.283185307179586,3.903102064041249,3.2756615438539116,2460892.9631215143,6412843752.654924
9.415315315315317,1.3601001001001,3.3585795335674664,0.02515789912784619,0.459131659083193,5.18018018018018,14959787000.0,1.2029340590058284,3.2455164997829726,2.316185242239472,0.0,2460965.304077599,5112.136516506443
2.9243243243243247,9.230350350350351,1.5597897459264638,2.7673689040630807,1.4717370989790022,9.114114114114113,243338131922.23972,1.01,6.119093366761759,6.283185307179586,6.283185307179586,2460875.0,6607012174.045223
4.47027027027027,2.0883083083083083,1.4717370989790022,5.0378693003512,0.3585000625718082,14.57957957957958,44293462398.29503,1.690394560484249,3.0138061318523808,5.262491812259718,2.538474291231678,2460971.696424982,34.07122924818803
6.6504504504504505,11.498998998999,0.723289599925578,5.075606149042969,2.0063424554457336,-5.7807807807807805,1495978700000.0,1.01,0.18075592870475524,3.60897978813512,3.562560707807745,2460875.889243937,6402650866.477447
1.903603603603604,12.395255255255256,3.6101585248459283,1.0188949146777706,2.333395144107734,-5.66066066066066,363479717127.5076,15.0,3.0610332402907905,0.0,2.6590134435070447,2460970.8037180156,12669.538667813282
7.185585585585586,8.376106106106107,1.125815985971117,4.1447638813126595,3.49694797877062,-10.225225225225225,949388171767.5789,7.901038863338632,3.0702589042372312,5.5988791166070575,4.814824475194747,2460932.2142594303,6388340572.592074
0.14954954954954958,13.487567567567568,4.685658712561353,6.075632639374855,3.3837374326953125,7.462462462462462,401223856150.05347,15.0,3.0266399490453924,6.282555159640451,5.055320510020971,2460875.0,6376761366.045629
5.510810810810811,14.607887887887888,5.415237787268892,0.09434212172942322,0.6415264277600778,-14.51951951951952,53805863107.96218,15.0,0.4361861670298472,4.192634631994867,4.920600871424035,2460875.0,161126267.87581086
6.2342342342342345,3.4186886886886887,5.7360010011489315,0.48428955821103914,4.50955341866643,0.19519519519519513,35694762136.30599,1.200412462843011,6.215850337297091,0.8110358982518419,0.0,2460957.5282606026,502.0434398993479
0.17927927927927928,8.418118118118118,6.276895832397624,4.02526386045539,3.9749480621996978,10.285285285285283,74824464820.37082,8.683262838562399,6.075241469151853,4.248841493103334,4.563297672110907,2461045.319896029,6405358841.675355
9.256756756756758,10.658758758758758,1.8428161111147334,1.3773949772495788,3.77997434395889,7.702702702702702,363481004508.9268,15.0,3.0610332259713764,0.0,2.6590112443247,2460970.803738722,12669.53868199761
5.738738738738739,2.7885085085085084,3.8114217178686975,2.308237244979888,5.855501022006201,0.6756756756756754,14959787000.0,1.1183439531033497,0.11552860124854679,4.317868819678817,3.0210355435827703,2460956.9920194377,255.7562507101461
9.672972972972973,6.6816216216216215,3.5912901005000437,2.893158399702312,5.780027324622662,-8.453453453453452,14959787000.0,1.1183438051770207,0.11552838765539719,4.317867729066224,3.021036841686924,2460956.9920246536,255.75625624613076
1.3783783783783785,14.817947947947948,3.886895415252236,2.4340267406191187,4.603895540395853,11.336336336336338,1495978700000.0,1.01,0.0,0.8817403513309937,6.283185307179586,2460875.0,6412840929.171888
9.058558558558559,4.7910810810810815,6.276895832397624,5.780027324622662,1.7107371406935408,12.027027027027028,14959787000.0,1.1174862735762325,0.0,0.5269556637314332,0.5269556637314332,2460956.888808748,9811247.744152268
3.667567567567568,4.931121121121121,1.2956318050840787,5.7045536272391235,1.7987897876410026,-10.435435435435435,214473308685.60425,15.0,0.0,0.0,0.0,2460908.2426248477,6267285774.845091
6.620720720720721,9.454414414414414,1.0943686120613092,2.2579214467241955,0.33963163822592357,7.492492492492492,14959787000.0,1.1174917494759802,0.0,0.5269507665632539,0.5269507665632539,2460956.8887791377,9811247.745340182
5.966666666666667,5.085165165165165,2.3522635684536186,1.74847398938531,2.710763631025427,10.675675675675677,1495978700000.0,1.01,0.0,0.8817470242514298,6.283185307179586,2460875.0,6412840929.249529
7.492792792792793,3.110600600600601,6.088211588938778,6.264316882833701,4.742263985599006,6.981981981981981,1495978700000.0,1.01,6.196405684424527,6.244494020225009,4.3729948724139485,2461017.0166786015,21253957.10552543
7.165765765765766,14.103743743743744,0.47171060864711606,4.9372377038398145,5.767448375058739,-7.192192192192192,1495978700000.0,1.01,0.0,6.283185307179586,4.384575251680853,2461085.0,31361466.900526516
1.2891891891891893,7.241781781781782,5.97500104286347,5.056737724697084,5.339764089885354,9.774774774774773,243338180451.28818,1.01,6.119096311579503,6.283185307179586,6.283185307179586,2460875.0,6607012174.042328
8.156756756756756,13.963703703703704,6.163685286322316,1.849105585896695,0.9560001668581553,-8.363363363363362,243338223207.91928,1.01,6.11909603589861,6.283185307179586,6.283185307179586,2460875.0,6607012174.042354
5.738738738738739,9.244354354354353,0.02515789912784619,1.943447707626118,3.295684785747851,13.91891891891892,303232619956.71704,11.108746627288733,3.062093066996088,0.0,2.730909982273405,2460973.896810576,13131.03295921139
1.0315315315315317,13.2494994994995,3.685632222229467,0.8993948938205013,2.4214477910551957,-8.993993993993994,14959787000.0,5.820263487472195,2.9876634053047644,0.6621393720154749,0.8839480792205114,2460875.0,159242379.5292128
2.5972972972972976,10.938838838838839,6.094501063720739,5.434106211614777,4.578737641268006,1.0660660660660675,14959787000.0,5.820343769359103,3.295646625636124,3.804225396987017,4.026030446961702,2460875.0,159242379.5428221
7.750450450450451,2.3123723723723724,3.2139216135823507,4.012684910891467,2.6038425597320805,-2.8078078078078086,401246604190.4938,15.0,3.258892141509774,3.1569604127576785,1.9296467231612178,2460875.0,6376761231.08819
5.827927927927928,9.482422422422422,0.40252638604553903,1.8176582119868872,0.16352634433100022,6.681681681681681,17650438130.38139,1.1202044402179185,0.0,0.3482819520226656,0.44768869942485406,2460995.127448721,16441069.716651868
7.671171171171172,14.593883883883883,4.320869175207583,0.4905790329930007,4.006395436109505,-11.936936936936938,365895619405.07983,14.930683386364224,3.2214489378578635,2.6284354779791954,5.2835080395076774,2460970.842490181,13.476733548799714
0.664864864864865,12.283223223223223,4.698237662125276,2.7988162779728887,0.8239211964369627,-14.63963963963964,14959787000.0,15.0,0.0,6.047225831700265,5.818635498193401,2460885.446044212,6320551428.285168
2.567567567567568,5.001141141141141,3.7988427683047745,2.415158316273234,4.352316549117391,-5.39039039039039,264471369556.80133,8.84968609131329,3.223822487310856,2.5489189865600195,5.334536613926163,2460975.9322743183,2.463078891738164
4.648648648648649,12.80137137137137,3.6101585248459283,1.4088423511593866,6.251737933269778,-14.75975975975976,383014710304.9925,13.584471132864355,3.2684803123265875,1.217542044037689,6.283185307179586,2460875.0,6377384912.738685
6.957657657657658,14.733923923923923,0.2830263651882696,4.094448083056967,0.8553685703467704,-10.975975975975976,366863661139.3818,14.999974747874534,3.0617496302138147,5.770648077199743,2.141487455990847,2460970.78828005,13.608349798786998
1.21981981981982,10.966846846846847,0.5849211547224239,2.000052980663772,1.9371582328441566,-0.4654654654654653,243894541773.23505,1.01,0.0,6.283185307179586,6.283185307179586,2460875.0,6616613989.720982
1.467567567567568,8.502142142142143,3.6227374744098513,3.899474364816159,3.5472637770263127,-9.594594594594595,401250154630.38696,15.0,3.0292668282523185,6.263549940170841,5.036457999277632,2460875.0,6376761817.406881
7.681081081081081,7.213773773773774,0.7798948729632319,3.0755531683791966,4.8680534812382374,-2.237237237237238,14959787000.0,1.1174874901636616,0.0,0.5269546677024418,0.5269546677024418,2460956.8887808756,9811247.74411666
7.800000000000001,10.952842842842843,0.07547369738353857,4.402632347373083,2.4088688414912727,-13.258258258258259,53806499938.06071,15.0,0.43618083902419874,4.192634943234049,4.920602607863924,2460875.0,161126267.8739187
1.0414414414414417,7.045725725725726,2.3648425180175416,5.169948270772392,0.012578949563923095,-7.102102102102102,394030950004.41943,7.142861930242622,3.0470976624429045,6.130975206164596,5.269567618123304,2460892.877565785,6378608203.606257
9.653153153153154,6.093453453453454,0.7044211755796933,4.91836927949393,0.8553685703467704,-7.5525525525525525,35694653926.69998,1.2004123254745755,6.215850246890548,0.8110367704715054,0.0,2460957.5282567414,502.04344162376634
8.85045045045045,14.607887887887888,5.094474573388854,0.8427896207828474,5.7234220515850085,6.411411411411411,1495978700000.0,1.01,6.283185307179586,3.614594890339227,3.552721103432031,2460878.0930078262,6412841491.010739
6.7,8.824234234234234,0.018868424345884642,3.836579616996544,0.2138421425866926,-1.2462462462462458,305733188190.9726,11.060098813425771,3.060602451637891,5.726701429712161,2.170421375765174,2460974.0326921567,6.1715219902417
6.481981981981982,3.1246046046046043,5.849211547224239,2.390000417145388,4.67307976299743,-8.663663663663664,325260541635.55707,12.227820470951112,3.22214324695168,2.6002693395713545,5.3023017851288525,2460973.0398111464,8.337349451887412
8.9,7.507857857857858,3.3145532100937354,4.327158649989545,2.64157940842385,-10.555555555555555,51588635539.21264,14.115181629442091,0.08974667037338438,2.296137086713684,0.51130763373423,2460875.0,161268861.44755065
1.8144144144144148,9.608458458458458,1.930868758062195,5.6856852028932385,5.635369404637546,-1.3363363363363359,306314610542.0781,11.093687130333981,3.222567071375907,2.5856351195148815,5.311774642735219,2460974.003857974,6.230944125897925
1.665765765765766,5.967417417417417,3.5472637770263127,3.3019742605298124,4.830316632546468,8.993993993993993,15575226691.908772,1.0114134950581215,6.2000678194369,6.282590711120589,0.9299324187035061,2461076.920596009,11822506.542185536
3.0432432432432437,2.6764764764764766,2.880579450138389,5.962422093299547,0.7358685494895011,-6.561561561561561,258672298739.38217,8.565484664945783,3.0591515382623977,5.685069971254726,2.196540174465507,2460976.171849563,2.052549317171599
4.4009009009009015,5.435265265265265,4.572448166486045,3.49694797877062,2.2579214467241955,8.093093093093092,1495978700000.0,1.01,0.0,0.8817404724321153,6.283185307179586,2460875.0,6412840929.1719
5.738738738738739,5.925405405405405,4.786290309072737,1.849105585896695,4.59131659083193,-7.102102102102102,14959787000.0,1.1174861598819301,0.0,0.5269556075248218,0.5269556075248218,2460956.8888333524,9811247.744160794
7.482882882882883,1.01,5.905816820261893,0.861658045128732,1.9057108589343488,-1.516516516516516,243338142015.56372,1.01,6.119096702692059,6.283185307179586,6.283185307179586,2460875.0,6607012174.042571
6.382882882882884,3.516716716716717,3.8302901422145825,2.654158357987773,0.10063159651138476,-7.732732732732733,14959787000.0,1.1231768110160392,6.219020580148959,6.283185307179586,1.0460491105976075,2460956.7612408926,16264.183493445043
8.434234234234236,4.511001001001001,6.031606315901124,0.5471843060306546,0.9119738433844243,7.042042042042041,35697859333.03934,1.2004208302325217,6.215852897203549,0.8110070321616981,0.0,2460957.528286334,502.0434088971247
8.107207207207209,3.5587287287287284,0.17610529389492333,0.33963163822592357,2.698184681461504,10.465465465465464,243338223207.91928,1.01,6.11909603589861,6.283185307179586,6.283185307179586,2460875.0,6607012174.042354
9.672972972972973,1.024004004004004,3.402605857041197,2.597553084950119,1.7673424137311948,-11.486486486486486,92367936753.48738,1.0193553396964343,0.0,6.210426489360373,0.5319452446840915,2460957.174192369,9822192.817325814
3.4693693693693697,8.754214214214215,6.226580034141932,4.503263943884468,6.119658962848586,-1.1861861861861858,366871537681.24866,14.999973378950147,3.2214344305068896,2.629107812950185,5.283119278742424,2460970.78841197,13.607058296630965
0.13963963963963966,10.770790790790791,2.7422110049352346,3.9372112135079287,1.8176582119868872,-13.348348348348349,15526132391.081781,1.1212887807413736,0.11412516570563266,4.314188726049087,3.016028905753434,2460957.0212169904,264.5007565905095
3.8162162162162168,5.2112012012012014,4.622763964741737,4.47181656997466,3.4780795544247356,2.7777777777777786,401203739855.1041,15.0,3.259136855735702,3.1586785675444,1.931306202127931,2460875.0,6376761231.047809
9.544144144144145,1.1920520520520521,6.163685286322316,2.918316298830158,5.213974594246123,-12.387387387387388,1495978700000.0,1.01,6.283185307179586,2.593145277469594,4.604133350922194,2460916.97355671,6412845868.528534
5.550450450450451,7.297797797797798,1.5220528972346945,4.993842976877469,4.434079721282891,4.099099099099099,35697342911.85633,1.2004167865460158,6.215852436008708,0.811013783586312,0.0,2460957.528340517,502.0434263263812
3.102702702702703,11.372962962962962,4.8995008551480455,1.4717370989790022,5.6290799298555845,3.9189189189189193,243338088643.1512,1.01,6.1190957061186815,6.283185307179586,6.283185307179586,2460875.0,6607012174.042962
7.036936936936938,14.131751751751752,0.9811580659860014,3.195053189236466,4.125895456966775,4.84984984984985,1495978700000.0,1.01,0.0,5.045354206285345,5.622406352397417,2461085.0,31361466.90052654
5.847747747747748,5.8133733733733735,3.654184848319659,2.9686320970858504,0.6163685286322317,-6.741741741741741,522678337865.4491,6.816789832605838,3.0609422611580115,0.0021131072975302963,2.0284416284880855,2460936.5245472947,321006.5780745521
6.372972972972973,11.288938938938939,1.4277107755052711,3.012658420559581,0.4528421843012314,-2.7477477477477485,52933854808.27396,15.0,0.07902097697546344,2.7987233524345494,0.010258021122307613,2460875.0,161184758.18555847
2.9540540540540543,3.782792792792793,1.918289808498272,1.8176582119868872,3.471790079642774,-3.138138138138139,363481107320.4827,15.0,3.0610332214568987,0.0,2.659011079247772,2460970.8037425843,12669.538683573475
2.5180180180180183,7.143753753753754,2.7044741562434655,4.1447638813126595,0.6603948521059625,7.4024024024024015,173724860159.44827,5.063027773814108,3.0539188603032685,5.581906554779435,2.258692894171073,2460978.475962228,0.7391222783470843
6.74954954954955,2.1023123123123124,1.3396581285578095,0.2767368904063081,6.144816861976432,-8.753753753753754,303732991459.1275,6.297813470024526,2.952832890194261,0.09312149041589675,5.3908756134955285,2460884.654017469,6378358771.735622
3.013513513513514,11.765075075075075,5.2831588168477,0.1195000208572694,1.4402897250691944,7.462462462462462,14959787000.0,5.82034978589131,3.2955779262141025,3.803946641829809,4.025755217965755,2460875.0,159242379.52214846
6.551351351351352,5.071161161161161,2.710763631025427,0.6289474781961547,1.6730002920017717,8.003003003003002,396727911268.3583,15.0,3.2699100179856457,1.225822085113846,6.283185307179586,2460875.0,6377335130.209226
4.321621621621622,7.815945945945946,3.1195794918529276,5.421527262050854,5.987579992427393,3.228228228228229,14959787000.0,1.1183439053040933,0.11552821045650385,4.3178666181878,3.0210377447772996,2460956.9920254694,255.75625588113388
6.7,3.544724724724725,2.2705003962881185,6.088211588938778,0.4968685077749622,-2.2972972972972983,14959787000.0,1.1183438071434593,0.11552844826842777,4.317868064809668,3.0210365022211865,2460956.992024818,255.75625584838758
7.304504504504505,6.569589589589589,2.308237244979888,2.6038425597320805,4.22652705347816,2.087087087087088,225133427487.66013,7.039714063135454,3.225571294596677,2.5077020220675483,5.359350710886208,2460977.3875292647,0.38447234121802676
2.1018018018018023,6.597597597597598,4.792579783854699,5.6165009802916614,5.151079846426507,-6.501501501501501,53129003134.97942,15.0,6.1990611931111745,6.283185307179586,2.8109378493658617,2460875.0,161177492.33353847
7.354054054054054,5.029149149149149,5.6731062533293155,4.9309482290578535,0.7484474990534241,0.3153153153153152,14959787000.0,1.0140854284854142,0.0,0.5229866039095638,0.5229866039095638,2460993.8059814353,14884117.562223718
2.795495495495496,3.278648648648649,1.6352634433100024,3.685632222229467,3.849158566560467,-11.006006006006006,14959787000.0,5.851056919324048,3.0615995287704867,6.055165629273412,6.283185307179586,2460875.0,159266844.46594688
9.256756756756758,14.131751751751752,2.3019477701979265,5.169948270772392,2.6604478327697345,-13.88888888888889,14959787000.0,15.0,0.0,4.403400872216253e-06,5.582622318031388,2460885.446722922,6320551423.2275
1.6954954954954957,8.852242242242243,1.8868424345884642,4.289421801297776,3.86173751612439,14.63963963963964,404005082786.6022,15.0,3.0182774055906942,0.05093099998967708,5.131958906354368,2460876.644712048,6376802256.392835
3.42972972972973,6.35952952952953,4.597606065613891,2.3837109423634266,0.30818426431611584,8.813813813813812,53891600704.80564,1.8764006236106208,3.2168437542704034,2.811797484894551,4.4893662985954194e-05,2460973.1045658845,8730.795377071432
2.2603603603603606,2.8865365365365365,4.018974385673428,3.7045006465753514,2.025210879791618,10.165165165165163,14959787000.0,1.202986422530449,3.2455111093580906,2.3162333478513495,0.0,2460965.301034796,5112.147356758307
2.894594594594595,3.544724724724725,4.119605982184813,2.3396846188896956,5.635369404637546,-5.18018018018018,151806829198.67834,4.340923341931826,3.2316387281175416,2.4053418185935995,5.42274899364061,2460978.5357954935,2.325807003309817
0.31801801801801804,10.672762762762762,3.817711192650659,1.6855792415656947,3.8806059404702746,7.072072072072071,396677858102.3707,14.993722991622093,3.269901504498723,1.225780519347701,6.283185307179586,2460875.0,6377335329.919118
6.531531531531532,12.913403403403404,3.6038690500639667,0.02515789912784619,3.673053272665544,-0.5255255255255253,14959787000.0,1.2029339182541958,3.2455165123797207,2.31618510932676,0.0,2460965.3040860808,5112.136518303404
3.0234234234234236,13.207487487487487,5.220264069028084,5.132211422080623,3.7296585457031974,14.12912912912913,35694785735.93493,1.2004124900390882,6.2158503570325845,0.811035707394081,0.0,2460957.5282615037,502.043439609218
9.534234234234235,7.605885885885885,0.44655270951926984,5.044158775133161,5.767448375058739,-4.1891891891891895,1495978700000.0,1.01,0.0,5.010691899413812,5.657068656305354,2461085.0,31361466.900526654
3.5288288288288294,12.955415415415416,6.13852738719447,4.2202375786961985,5.0001324516594305,-3.738738738738739,35694960673.65828,1.2004128625231327,6.215850509753887,0.811034172299754,0.0,2460957.528264361,502.04343657178543
8.681981981981982,11.807087087087087,5.346053564667315,1.3648160276856558,3.94350068828989,-4.2492492492492495,14959787000.0,1.1174868616604516,0.0,0.526955164273291,0.526955164273291,2460956.8887977377,9811247.744130144
6.472072072072073,12.871391391391391,1.000026490331886,0.9560001668581553,1.6352634433100024,13.198198198198199,60055874548.233734,1.015439926758921,0.0,0.37911224487060874,0.37911224487060874,2460961.2690469655,9847774.359908005
5.59009009009009,10.770790790790791,3.9497901630718517,3.6793427474475053,4.811448208200583,4.2492492492492495,1495978700000.0,1.01,0.0,0.8818552414589788,6.2830704083559565,2460875.0,6412840929.171889
9.702702702702704,8.376106106106107,5.6731062533293155,5.635369404637546,3.471790079642774,-1.1261261261261257,243338342614.62067,1.01,6.119095196503226,6.283185307179586,6.283185307179586,2460875.0,6607012174.043771
6.293693693693694,13.571591591591591,5.377500938577123,5.597632555945777,2.8302636518826962,-11.486486486486486,35695516355.74867,1.2004141946096925,6.215850979652445,0.8110289311262641,0.0,2460957.5282835504,502.04343511195816
1.2594594594594597,1.122032032032032,0.7924738225271549,1.735895039821387,1.2956318050840787,12.267267267267268,34234524977.19787,1.278556092292076,0.0,0.22067977440706196,0.22067977440706196,2461060.244073008,22968445.24086728
5.292792792792793,8.474134134134134,5.622790455073623,3.9686585874177362,1.2830528555201557,-10.015015015015015,14959787000.0,15.0,6.283185307179586,1.2805320958976023,1.3346388162492362,2461085.0,6407669083.725334
8.919819819819821,9.524434434434434,1.8428161111147334,2.3962898919273496,1.251605481610348,4.099099099099099,216002416145.9922,15.0,6.134994300617963,0.0,0.0,2460907.8196892026,6259073050.6782875
2.220720720720721,12.381251251251252,0.5534737808126162,2.8554215510105423,5.352343039449277,6.411411411411411,1495978700000.0,1.01,0.0,5.099634133477168,5.409224115177452,2460877.8728246386,31418476.99442346
8.721621621621622,12.087167167167166,3.2013426640184277,2.6227109840779654,1.540921321580579,-13.558558558558559,392032195231.4022,14.20143514811767,3.2918073294810783,3.281704084841401,2.084328540219962,2460877.036182552,6376883083.664673
2.4981981981981987,4.412972972972973,4.346027074335429,6.169974761104278,2.918316298830158,-1.396396396396396,133082953736.09845,1.01,6.252672677724952,6.283185307179586,6.283185307179586,2460941.342722715,673281.5667279954
9.831531531531532,10.728778778778779,4.9246587542758915,2.698184681461504,2.8680005005744658,10.855855855855857,53338424625.719666,15.0,0.0,6.283185307179586,2.8100357722027156,2460875.0,171014863.6806918
2.1612612612612616,8.740210210210211,5.918395769825816,3.182474239672543,2.427737265837157,9.804804804804803,116866826922.59468,1.079609953251639,6.283185307179586,4.177716859718131,2.290871551179774,2460949.1353789656,10021441.209414445
3.7270270270270274,4.454984984984985,1.6101055441821561,3.77997434395889,5.4466851611787,-3.0180180180180187,53807575700.049515,15.0,0.4357835071201118,4.1924578390343,4.920764719136359,2460875.0,161126267.94365987
7.631531531531532,7.493853853853854,3.7611059196130054,3.5975795752820052,2.817684702318773,-3.498498498498499,401522269525.26154,15.0,3.033260579543998,6.224189096217425,4.997647876696655,2460875.0,6376764436.371459
7.968468468468469,12.157187187187187,5.918395769825816,5.151079846426507,2.6038425597320805,-0.8258258258258255,35693589486.59901,1.2004113770074016,6.215849370741726,0.8110452712379165,0.0,2460957.5281982077,502.0434606843968
3.43963963963964,11.625035035035035,2.0063424554457336,3.5724216761541587,3.824000667432621,3.9189189189189193,133082945066.37935,1.01,6.252672657723151,6.283185307179586,6.283185307179586,2460941.3427306823,673281.5667364524
1.3882882882882885,5.029149149149149,3.94350068828989,6.119658962848586,2.8617110257925042,4.60960960960961,137345260807.0729,3.9007683624977294,3.0495701940283744,5.521065100127345,2.2984072256539196,2460978.399154068,3.9785733896953084
6.957657657657658,12.675335335335335,1.6855792415656947,3.9120533143800826,1.849105585896695,-0.3453453453453452,14959787000.0,1.1183438313564162,0.11552839515168892,4.317867762994643,3.0210367722753557,2460956.992023488,255.75625538833813
2.448648648648649,7.871961961961961,3.5472637770263127,3.446632180514928,4.465527095192699,9.234234234234233,14959787000.0,1.2029354086437556,3.2455163665015987,2.3161863594010943,0.0,2460965.304008388,5112.136509395974
4.054054054054054,5.757357357357357,0.17610529389492333,3.5095269283345436,4.660500813433506,-1.3063063063063058,14959787000.0,1.1174878484446897,0.0,0.5269544396046776,0.5269544396046776,2460956.8887603194,9811247.744106675
8.790990990990991,12.535295295295295,4.320869175207583,1.0755001877154247,4.603895540395853,-1.7867867867867862,14959787000.0,1.1231780580070754,6.219020535536763,6.283185307179586,1.046047569772807,2460956.7611788996,16264.183474649953
5.461261261261262,13.9496996996997,5.641658879419508,0.12578949563923095,2.0943951023931953,11.666666666666668,35699341109.004616,1.2004242819484963,6.215854222856684,0.810993567137584,0.0,2460957.5283112437,502.0433923412047
7.760360360360361,10.462702702702703,0.9874475407679629,4.572448166486045,5.490711484652431,-2.1771771771771764,1495978700000.0,1.01,0.0,5.163519904019111,5.345302666985437,2460877.8266320815,31418482.257139556
1.3090090090090092,9.72049049049049,1.6981581911296177,1.74847398938531,5.522158858562238,-14.90990990990991,338490426590.9681,13.067154676689986,3.221884465913145,2.6100369441696194,5.296121846189987,2460972.3399970685,9.926295390207436
8.681981981981982,11.933123123123123,2.8994478744842733,5.603922030727738,6.125948437630547,-1.576576576576576,14959787000.0,1.1231766784903006,6.2190205788416,6.283185307179586,1.0460493748477688,2460956.7612400735,16264.183495564408
7.145945945945947,7.731921921921922,3.2453689874921583,1.8679740102425795,3.0063689457776195,-3.0780780780780788,291241250530.6074,10.24527490522543,3.222960737887706,2.5732309855851816,5.319725927791483,2460974.7340095667,4.719242460300945
2.448648648648649,12.031151151151152,4.962395602967661,2.3962898919273496,4.585027116049968,8.963963963963963,25430335451.484303,1.0126651323157352,0.0,0.42968467105080793,0.43450963883861277,2461031.9208357865,19722710.17216598
5.877477477477478,11.120890890890891,1.195000208572694,5.132211422080623,5.641658879419508,8.063063063063062,633633913301.1466,15.0,2.8858905484359196,4.651067938072596,6.283185307179586,2460875.0,1082721.3047624077
6.2144144144144144,10.014574574574574,2.1006845771751568,5.534737808126161,5.006421926441392,-0.25525525525525516,14981342159.022505,1.203386719354782,3.240988521888727,2.359261308806697,0.04231209655765077,2460965.305649368,5754.601478823501
0.32792792792792796,11.541011011011012,3.7736848691769285,1.735895039821387,4.056711234365198,2.6876876876876885,324924573210.1232,12.207065354806959,3.2221495285097745,2.6000449499636473,5.302491992904266,2460973.057272593,8.29748605337277
0.9126126126126127,7.045725725725726,3.352290058785505,4.47181656997466,0.5786316799404624,-8.903903903903904,302328983941.7234,10.865091160583711,3.0605198382551415,5.724035129009121,2.1722686379407206,2460974.1999584762,5.8161801370754125
8.929729729729731,2.8725325325325324,4.050421759583236,4.364895498681314,2.490632013656773,8.363363363363362,113644761260.04344,2.2016733733183282,0.0,0.0047576288776586895,6.283185307179586,2460941.551946788,10740088.790424922
6.0162162162162165,14.971991991991992,5.339764089885354,2.503210963220696,3.5346848274623897,4.66966966966967,24212591470.54231,1.0177103464476187,6.203614655624904,0.449953958432894,0.44701787677864546,2461011.105963286,7836296.1635629665
9.157657657657658,12.05915915915916,5.452974635960661,4.213948103914237,2.5346583371305034,-6.111111111111111,401236740949.03125,15.0,3.2589076239858703,3.157153979064452,1.9298253323436048,2460875.0,6376761230.85413
6.4522522522522525,12.297227227227227,5.6290799298555845,3.6353164239737743,3.7170795961392744,-7.732732732732733,1495978700000.0,1.01,6.283185307179586,1.331767252896666,3.052807985905171,2461085.0,31361466.90052689
2.131531531531532,8.642182182182182,1.0063159651138476,2.2705003962881185,2.3648425180175416,3.9789789789789793,214102848807.78375,6.580157373391603,3.22620101167451,2.494690995175484,5.367127676053268,2460977.7117088586,0.12727311795758908
3.0234234234234236,13.73963963963964,2.7862373284089657,0.5849211547224239,1.4780265737609637,4.75975975975976,109571987504.54893,1.5968192208163754,0.0,6.283185307179586,0.12566379460867189,2460946.25019543,10230871.521587895
1.8639639639639642,14.01971971971972,5.805185223750509,0.7736053981812703,3.1321584414168506,-7.222222222222222,53806197398.87921,15.0,5.847135368214124,1.0509817946780449,1.77906299144916,2460875.0,161126267.87979838
7.542342342342343,11.639039039039039,4.805158733418622,1.5786581702723483,2.427737265837157,-12.537537537537538,366865234059.8889,14.999999216388153,3.221435559252893,2.6290493962975217,5.283072336954833,2460970.78832144,13.608419177231468
9.296396396396396,9.286366366366366,1.9811845563178874,3.7422374952671205,1.849105585896695,-6.621621621621621,396701099339.6983,15.0,3.2698998843580283,1.2258553712457503,6.283185307179586,2460875.0,6377335130.357052
3.9450450450450454,12.75935935935936,4.283132326515814,0.2893158399702312,5.245421968155931,-4.3093093093093096,401242509493.9191,15.0,3.026515119525262,0.0002912485177023453,5.056262380269862,2460875.0,6376761351.859514
3.9549549549549554,5.533293293293293,0.8302106712189242,1.320789704211925,4.786290309072737,7.3123123123123115,21499189058.7753,1.01,6.194795469419335,0.4589548811842859,0.45695518069211066,2461028.6137705073,9242662.672390549
6.72972972972973,13.585595595595596,3.195053189236466,0.861658045128732,4.987553502095507,-4.33933933933934,1495978700000.0,1.01,0.0,0.8817404750553517,6.283185212644248,2460875.0,6412840929.1718855
0.8927927927927929,14.257787787787787,1.3648160276856558,5.874369446352085,1.3019212798660402,-1.696696696696696,243338223207.91928,1.01,6.11909603589861,6.283185307179586,6.283185307179586,2460875.0,6607012174.042354
3.766666666666667,3.8388088088088086,1.918289808498272,0.6729738016698855,1.7296055650394255,7.552552552552552,14959787000.0,1.1183440230498525,0.11552830253747527,4.317866960521341,3.021037248086422,2460956.9920196417,255.75625152410083
3.7369369369369374,4.931121121121121,3.4529216552968895,2.666737307551696,2.025210879791618,-8.873873873873874,14959787000.0,1.1183437627904655,0.11552871863331675,4.3178695709622845,3.021035056621345,2460956.9920270424,255.75625594267657
4.212612612612613,13.921691691691692,0.19497371824080797,1.8868424345884642,2.3837109423634266,-12.417417417417418,363481132269.488,15.0,3.0610332223090992,0.0,2.6590110426482076,2460970.803742932,12669.53868381235
9.841441441441443,4.034864864864865,3.9560796378538132,0.22013161736865416,4.610185015177814,12.627627627627628,1495978700000.0,1.01,0.0,0.8817514705691188,6.283182063269681,2460875.000388761,6412840929.344674
7.552252252252253,5.855385385385385,2.610132034514042,4.698237662125276,2.9686320970858504,-2.3273273273273283,425712065981.76154,9.954591721987411,3.067611030042538,5.715167626092553,4.640091040573734,2460877.973948989,6377804637.085942
5.104504504504504,2.0883083083083083,3.8428690917785056,1.1006580868432707,4.597606065613891,-12.447447447447448,1495978700000.0,1.01,0.0,5.9907297010833656,4.515910597552642,2460875.000000785,31418797.76994638
4.113513513513514,9.104314314314314,6.05676421502897,4.629053439523699,1.9497371824080796,14.54954954954955,839496312196.1663,15.0,3.483893794847772,1.013022437391427,0.007783665200967428,2460875.0011803643,6385030341.715055
7.532432432432433,6.2474974974974975,1.9120003337163105,4.402632347373083,5.188816695118277,-7.402402402402402,401210904081.56946,15.0,3.0242854594535,0.01550840702124492,5.071334355703581,2460875.0,6376761230.879738
2.557657657657658,6.121461461461461,2.4843425388748113,1.3396581285578095,1.2767633807381942,13.258258258258259,146819140060.54398,4.185871573614176,3.232280110603663,2.396651386839016,5.42840414662299,2460978.506454411,2.837934780347869
5.897297297297298,11.386966966966966,2.905737349266235,3.0881321179431196,0.7358685494895011,-11.006006006006006,14959787000.0,15.0,6.184395908719616,3.3158278871730494e-05,5.583898997086979,2460885.4367373874,6309378937.777348
3.776576576576577,10.616746746746747,1.6792897667837332,1.05663176336954,0.9245527929483475,12.267267267267268,35695298978.29838,1.2004132149553777,6.215850769337623,0.8110314052816716,0.0,2460957.528282218,502.04343430101267
9.831531531531532,10.406686686686687,3.8680269909063516,4.75484293516293,3.207632138800389,-3.738738738738739,401143354675.02246,15.0,3.2593944150912937,3.160206145660366,1.932747683292965,2460875.0,6376761234.467217
0.7144144144144144,6.905685685685685,0.861658045128732,4.566158691704083,3.195053189236466,10.765765765765767,14959787000.0,15.0,0.19673832388124796,3.7151368563515246,5.190135123170776,2461085.0,6397553996.160522
5.917117117117117,12.619319319319318,4.9561061281856995,0.2264210921506157,1.2327370572644634,-7.732732732732733,14959787000.0,1.2029339633357947,3.245516512110007,2.3161851553824198,0.0,2460965.304083092,5112.136517623404
0.882882882882883,10.224634634634635,5.981290517645432,2.390000417145388,4.792579783854699,-6.111111111111111,142558631583.67075,6.29955367630602,6.283185307179586,2.232664163766562,3.3451203336910997,2460875.0,6231953514.215296
4.163063063063063,3.0685885885885886,5.264290392501815,2.1195530015210413,2.4528951649650033,7.012012012012011,1495978700000.0,1.01,6.283185307179586,2.649458032368192,1.6691284902961228,2460998.540339793,31393192.928591073
2.121621621621622,4.440980980980981,3.9497901630718517,0.5912106295043854,3.4906585039886586,-14.87987987987988,340199289417.0773,13.178039532115568,3.221859414960817,2.611023420277893,5.295103420728156,2460972.249590543,10.144491947788502
9.118018018018018,2.508428428428428,2.157289850212811,2.5220793875665803,0.40252638604553903,9.924924924924923,396727102373.89813,15.0,3.2699034585271405,1.2258268536680645,6.283185307179586,2460875.0,6377335130.244148
5.064864864864865,11.947127127127127,2.2013161736865414,1.012605439895809,4.484395519538583,-3.8288288288288292,14959787000.0,1.1183439273210258,0.11552831462218727,4.317867367885191,3.0210370902315797,2460956.9920150735,255.75625297112123
8.820720720720722,7.003713713713713,2.6856057318975806,2.2705003962881185,2.9434741979580044,-11.306306306306306,14959787000.0,15.0,0.0,1.4547791068162988e-06,5.582627100873571,2460885.446461221,6320551423.210901
0.3774774774774775,1.8362362362362363,1.5660792207084253,2.962342622303889,0.5723422051585008,-11.156156156156156,214471146698.17148,15.0,0.0,0.0,0.0,2460908.2429371984,6267285774.893715
9.345945945945946,1.3040840840840842,4.748553460380968,2.3019477701979265,2.9246057736121194,-6.831831831831831,366866005611.0284,14.999968084202058,3.221435520357812,2.629050987219035,5.283072084451584,2460970.7883411846,13.60832611434345
8.176576576576577,13.123463463463464,3.2893953109658893,0.5660527303765392,2.6856057318975806,11.036036036036037,363479859013.37836,15.0,3.0610332303339454,0.0,2.659013051424981,2460970.803711383,12669.538675261503
1.2990990990990994,8.544154154154155,3.5346848274623897,0.15723686954903868,5.962422093299547,3.0480480480480487,401210287396.6582,15.0,3.0245730684236403,0.013648338706679943,5.069467320226313,2460875.0,6376761234.8976345
6.422522522522523,7.6198898898898895,2.974921571867812,1.9560266571900413,2.320816194543811,-12.267267267267268,401012395090.7763,15.0,3.2613115382283926,3.172717501561604,1.944998806333784,2460875.0,6376761351.890518
2.33963963963964,10.812802802802803,6.063053689810932,0.6855527512338087,0.3018947895341543,-12.657657657657658,133082957792.44066,1.01,6.252672748340832,6.283185307179586,6.283185307179586,2460941.342720211,673281.56677316
8.880180180180181,12.1991991991992,1.1446844103170015,6.182553710668201,5.949843143735624,-4.009009009009009,243338223207.91928,1.01,6.11909603589861,6.283185307179586,6.283185307179586,2460875.0,6607012174.042354
1.0810810810810811,2.242352352352352,6.006448416773278,2.64157940842385,3.163605815326658,10.285285285285283,14959787000.0,1.117486787555274,6.283185307179586,3.364303215469978,3.9727923825741702,2460956.888807266,9811247.744139995
9.593693693693695,8.054014014014014,3.7988427683047745,0.20126319302276952,5.868079971570124,8.003003003003002,38553241320.86956,3.5610187603344343,3.0653274267817596,0.0,6.283185307179586,2460875.0,160948523.4973337
0.8432432432432433,9.594454454454455,1.7170266154755025,5.899527345479932,0.03144737390980774,8.903903903903903,14959787000.0,5.853426125896755,3.0609290201331136,6.103891181172367,0.04868541935160976,2460875.0,159265261.9979121
8.394594594594595,1.8222322322322322,2.773658378845042,4.314579700425622,5.937264194171701,0.7357357357357355,168983985376.54648,4.900927584267634,3.229725472696201,2.4331574155305313,5.40485172448442,2460978.5139558786,0.9966741960311
7.185585585585586,3.2506406406406407,1.5723686954903868,2.9434741979580044,3.6101585248459283,12.237237237237238,836266939032.0071,14.598998698225452,3.348373788556903,1.210475847142269,1.0009208952979725,2461056.2140295063,6389268380.81903
7.84954954954955,3.1386086086086085,2.4969214884387343,2.817684702318773,0.44655270951926984,-8.903903903903904,14959787000.0,1.118344345994362,0.11553084019776384,4.317881205303603,3.021022713633535,2460956.9920009314,255.7562393628185
9.375675675675677,5.785365365365365,0.018868424345884642,0.5912106295043854,0.6289474781961547,-13.91891891891892,1495978700000.0,1.01,0.0,0.5151595637274,0.524307381532541,2461079.455173459,6412810544.599952
9.663063063063063,4.553013013013013,5.188816695118277,2.037789829355541,3.9875270117636212,1.1261261261261275,14959787000.0,1.117483324028356,0.0,0.5269580759071162,0.5269580759071162,2460956.888869431,9811247.744462376
4.916216216216217,6.177477477477478,2.345974093671657,0.33963163822592357,1.6038160694001946,0.7957957957957955,203626116421.1444,6.273772962158997,3.064203908258527,0.0,2.892160537737737,2460977.6032425663,13931.10246834379
7.126126126126127,13.207487487487487,4.333448124771506,1.389973926813502,5.025290350787277,9.114114114114113,14959787000.0,1.1183437959827058,0.11552840510682547,4.317867834953147,3.0210367493076964,2460956.992025044,255.75625642173088
5.3819819819819825,11.8490990990991,2.4717635893108882,4.339737599553468,3.7485269700490824,14.54954954954955,401242945129.79755,15.0,3.02655457749033,6.283185307179586,5.055972505078555,2460875.0,6376761356.244683
3.6279279279279284,11.96113113113113,1.4528686746331174,0.2830263651882696,5.075606149042969,-7.5225225225225225,243338166721.91937,1.01,6.119095865880114,6.283185307179586,6.283185307179586,2460875.0,6607012174.042366
2.7261261261261267,7.40982982982983,4.981264027313546,0.9937370155499244,5.666816778547354,-8.393393393393392,38553018507.751366,3.5610177115944284,3.065327511170894,0.0,6.283185307179586,2460875.0,160948523.4972785
4.49009009009009,13.417547547547548,3.836579616996544,5.302027241193584,1.3962634015954636,7.762762762762762,281221848594.8792,9.706534258645798,3.0599250284238764,5.705958990241632,2.183440466293455,2460975.198936765,3.807911063654011
1.2990990990990994,14.565875875875875,3.3837374326953125,5.019000876005315,4.679369237779391,-5.7207207207207205,398424870437.06964,9.714791526824929,3.0309571936935726,6.257408978774235,5.130264558171043,2460875.0,6377391937.823878
0.6747747747747748,7.6198898898898895,1.0377633390236554,5.339764089885354,1.6038160694001946,7.3423423423423415,14959787000.0,1.2029344058242344,3.245516472096368,2.316185577759203,0.0,2460965.304056172,5112.136512835932
1.2099099099099102,13.235495495495496,3.6478953735376973,2.345974093671657,4.125895456966775,-12.237237237237238,316481088924.5814,11.69259037006933,3.2223298703100367,2.593642096743158,5.3066501400896335,2460973.4924049755,7.334026198024197
7.641441441441442,13.38953953953954,1.6918687163476562,4.67307976299743,4.270553376951891,-10.375375375375375,999651343697.2903,15.0,3.041950119047982,6.265397793466037,5.257376592501983,2460875.0,6385796287.301671
3.885585585585586,8.55815815815816,5.264290392501815,4.597606065613891,4.578737641268006,11.336336336336338,14959787000.0,1.1174891675901997,0.0,0.5269535481286335,0.5269535481286335,2460956.8886773256,9811247.744259171
6.293693693693694,3.348668668668669,2.0881056276112337,0.10063159651138476,0.9937370155499244,5.06006006006006,14959787000.0,1.118344747022641,0.11552702366825965,4.317859522201344,3.0210436876670395,2460956.9919841997,255.75624622409126
1.5072072072072074,14.43983983983984,3.5472637770263127,5.320895665539469,2.918316298830158,2.3273273273273283,96759188062.34616,9.371650513686962,0.0,5.930939946973564,0.13861954787527586,2460935.232502328,13573150.148361716
5.451351351351351,11.134894894894895,3.4529216552968895,0.36478953735376973,3.585000625718082,-8.453453453453452,397833228314.6003,14.665790425603792,3.259357152401056,3.1583858432765473,1.9326632168602382,2460875.0,6376771941.41827
3.4693693693693697,2.34038038038038,1.1572633598809248,4.849185056892353,0.7547369738353857,3.528528528528529,30000266151.117256,1.0685556453113056,6.203684427801051,0.3815737804809421,0.38268320800514855,2461007.712472762,8025543.196218356
2.6270270270270273,3.544724724724725,1.9497371824080796,1.5723686954903868,2.528368862348542,-6.471471471471471,363481080188.3967,15.0,3.061033222870292,0.0,2.659011169841475,2460970.8037452823,12669.538682335426
5.3819819819819825,14.635895895895896,5.132211422080623,5.421527262050854,1.6792897667837332,-1.8768768768768762,397975989893.9865,14.910038327900025,3.26427965255368,1.254751200864906,0.030935438846896642,2460875.0,6377300680.428668
2.9441441441441447,10.742782782782783,1.943447707626118,4.081869133493044,2.427737265837157,5.6006006006006,14959787000.0,1.1183438032910589,0.11552881117196025,4.317870074160323,3.0210344988293953,2460956.9920257856,255.7562541933488
4.658558558558559,13.137467467467467,2.3145267197618495,0.15094739476707714,0.6855527512338087,2.057057057057058,59741872486.17563,7.250625191943762,0.1042662958232996,2.2067571557155587,3.8392734225198435,2460952.2667760397,7965842.277535041
5.322522522522522,14.57987987987988,4.773711359508814,2.427737265837157,5.3649219890132,8.213213213213212,243338225479.4402,1.01,6.119096780663777,6.283185307179586,6.283185307179586,2460875.0,6607012174.042522
3.7270270270270274,6.051441441441441,1.1824212590087708,0.36478953735376973,0.666684326887924,-1.516516516516516,14959787000.0,1.1174872249439274,0.0,1.255267408696637,6.081827678848622,2460956.88878737,9811247.744121522
4.063963963963964,13.053443443443443,4.842895582110391,5.767448375058739,0.9748685912040398,-11.426426426426426,14959787000.0,1.2029339477781715,3.245516517918828,2.3161852481092358,0.0,2460965.304075715,5112.136517558068
8.473873873873874,7.47984984984985,6.069343164592893,5.295737766411623,0.8805264694746167,-8.603603603603604,35695298978.29838,1.2004132149553777,6.215850769337623,0.8110314052816716,0.0,2460957.528282218,502.04343430101267
5.124324324324324,1.08002002002002,5.2831588168477,2.5095004380026573,4.566158691704083,-11.246246246246246,1495978700000.0,1.01,6.283185307179586,3.294484856425433,3.877894230466174,2460884.6776496544,6412842582.072392
1.0315315315315317,2.2003403403403405,5.817764173314432,4.1510533560946214,5.063027199479046,-4.129129129129129,35698719573.916405,1.2004185053031216,6.215853691999084,0.8110026816466164,0.0,2460957.528389752,502.0434099916177
9.732432432432434,3.628748748748749,5.408948312486931,1.7799213632951179,0.037736848691769284,5.57057057057057,44626232748.22558,1.2058484311627355,6.222540733211325,0.7340991367426117,0.008229621735462104,2460957.8189052227,592.9309461732081
8.255855855855856,1.5001401401401402,3.402605857041197,1.012605439895809,0.06918422260157703,-4.33933933933934,366864031381.11304,14.999856544036344,3.2214355475999144,2.6290503823549405,5.283073849209899,2460970.7884192592,13.608097171810332
5.8180180180180185,8.922262262262263,6.031606315901124,3.585000625718082,2.0629477284833877,-2.7177177177177185,26734109477.752296,1.6486664731016172,6.216927864942681,0.2873807017705307,0.29099792185343504,2460950.166996871,308039.955113941
9.08828828828829,14.467847847847848,0.930842267730309,5.930974719389739,5.025290350787277,-10.315315315315315,363480944926.95917,15.0,3.0610332207685147,0.0,2.6590114543673096,2460970.8037443487,12669.53868156148
9.623423423423423,7.12974974974975,1.2327370572644634,2.4654741145289267,5.981290517645432,10.855855855855857,47706857996.12623,1.2901856173405337,0.0,0.19445773720602505,0.19445773720602505,2461053.086375586,22844674.602626525
4.955855855855856,6.653613613613613,0.597500104286347,0.09434212172942322,2.2327635475963494,-1.456456456456456,14959787000.0,1.1174816089345103,0.0,0.5269589884533434,0.5269589884533434,2460956.8889969857,9811247.7445077
2.0225225225225225,9.314374374374374,3.031526844905466,2.735921530153273,1.4214213007233096,-1.8168168168168162,396734965949.4538,15.0,3.26991173267436,1.22581401785327,6.283185307179586,2460875.0,6377335130.202581
8.00810810810811,2.3543843843843844,0.930842267730309,1.9371582328441566,1.9120003337163105,-10.345345345345345,363481117736.5204,15.0,3.061033222516827,0.0,2.6590110669990508,2460970.803742577,12669.53868356612
0.10990990990990991,7.395825825825826,3.239079512710197,0.7421580242714626,4.9561061281856995,-8.903903903903904,14959787000.0,1.1231766349403443,6.219020585846678,6.283185307179586,1.0460494361859787,2460956.7612420865,16264.18349655413
6.462162162162162,1.8082282282282283,0.918263318166386,0.1069210712933463,6.019027366337201,-12.807807807807809,346590704790.64996,10.023381823298415,3.0194123799987245,0.002885448369862202,5.092076971463822,2460875.0,6376997970.528242
3.6873873873873877,2.4664164164164166,1.1509738850989633,2.779947853627004,0.06289474781961547,-13.91891891891892,14959787000.0,15.0,0.0,6.068883011461001,5.796931276725404,2460885.446309239,6320551423.209205
5.183783783783784,9.664474474474474,5.289448291629661,0.8302106712189242,0.2767368904063081,4.009009009009009,401293306161.4986,15.0,3.259200275021734,3.1590426680304007,1.9317580370490592,2460875.0,6376761232.472164
7.036936936936938,11.022862862862862,5.427816736832815,5.333474615103392,2.239053022378311,11.126126126126128,14959787000.0,5.820423644104763,3.2955135968356544,3.80369668880219,4.025510830538093,2460875.0,159242379.52746093
4.460360360360361,8.026006006006007,5.72971152636697,0.7170001251436164,0.1069210712933463,7.762762762762762,14959787000.0,5.8156339313904475,2.9910363074013127,0.6486019204670614,0.8703481865363868,2460875.0,159242410.28084692
3.3108108108108114,9.916546546546547,2.4843425388748113,0.7358685494895011,0.18239476867688487,7.642642642642642,572857333105.2604,9.32553581151475,3.0045924068708447,0.22312626267233396,0.11100751672447083,2461022.349082899,6388005317.924782
9.871171171171172,12.395255255255256,0.7736053981812703,2.817684702318773,5.169948270772392,-4.36936936936937,14959787000.0,1.1174865105581384,0.0,0.5269554168417219,0.5269554168417219,2460956.888812893,9811247.744143315
4.648648648648649,1.6121721721721722,5.937264194171701,5.6793957281112775,4.91836927949393,7.882882882882882,156843719378.93454,4.5008124485468395,3.231039019934839,2.413718418247736,5.417156810980344,2460978.5491102333,1.871228338625896
3.2810810810810813,9.888538538538539,5.069316674261007,3.25165846227412,4.239106003042083,2.9279279279279287,400130414114.5675,14.895571960405,3.2586088620946776,3.154377299139884,1.927525331033926,2460875.0,6376764532.136747
5.094594594594595,12.325235235235235,5.7234220515850085,0.36478953735376973,0.333342163443962,-1.1561561561561557,391951853459.8852,13.092697794573832,3.270951928969026,1.1531296173901906,0.0,2460878.248885014,6377625908.200724
7.86936936936937,1.3601001001001,5.484422009870469,3.163605815326658,2.377421467581465,7.612612612612612,35694725427.16111,1.2004123975895322,6.215850306386004,0.811036214287504,0.0,2460957.5282595376,502.0434404522586
5.6891891891891895,10.168618618618618,3.94350068828989,3.629026949191813,4.710816611689199,-9.804804804804805,353588083196.8954,14.071668363901559,3.2216325049542327,2.6203286263327463,5.289005076561904,2460971.523124997,11.843050266360065
9.663063063063063,6.275505505505506,5.962422093299547,3.9686585874177362,0.7924738225271549,14.57957957957958,14959787000.0,1.202934045076499,3.2455165028427073,2.316185225033648,0.0,2460965.3040787606,5112.136516705201
0.8333333333333334,6.793653653653654,1.0314738642416938,0.4780000834290776,0.5534737808126162,14.66966966966967,14959787000.0,1.1174869692326777,0.0,0.5269551018796214,0.5269551018796214,2460956.888791045,9811247.744126303
5.8180180180180185,8.978278278278278,5.773737849840701,3.2893953109658893,6.113369488066624,14.48948948948949,243894570326.9075,1.01,0.0,6.283185307179586,6.283185307179586,2460875.0,6616613989.720965
0.9225225225225226,3.2926526526526523,0.5094474573388853,4.138474406530698,5.635369404637546,5.06006006006006,35694816186.26306,1.2004126483348732,6.215850371552555,0.811035397134534,0.0,2460957.528257361,502.0434394833863
0.6846846846846847,7.185765765765765,6.232869508923893,3.2202110883643122,5.937264194171701,-5.12012012012012,35695675006.69639,1.2004143045087095,6.2158511024219,0.8110278545157722,0.0,2460957.528282778,502.0434261609123
5.986486486486487,3.628748748748749,4.786290309072737,0.7107106503616548,1.8302371615508102,-8.933933933933934,406076743198.366,15.0,3.066669058686002,5.66802255330536,4.448961942492995,2460875.0001127087,6376834097.502487
1.5270270270270272,14.523863863863864,4.276842851733853,1.5346318467986175,2.226474072814388,-2.5075075075075084,14959787000.0,1.1183438046351613,0.11552837061242148,4.317867647892795,3.021036926018549,2460956.992024466,255.7562563409002
0.9027027027027028,6.373533533533533,5.295737766411623,5.1196324725167,2.773658378845042,-0.6156156156156154,14959787000.0,15.0,5.5543130232988736,4.210551054324544,4.6577013253365545,2461085.0,6397536335.844501
6.5612612612612615,2.746496496496497,2.3145267197618495,4.679369237779391,5.591343081163815,-11.546546546546546,633634363097.5269,15.0,2.8858908427329193,4.651067603820737,6.283185307179586,2460875.0,1082721.3047631686
2.2603603603603606,11.541011011011012,3.081842643161158,3.3711584831313894,5.503290434216354,-2.5075075075075084,328290881500.94037,12.416381683819743,3.2220809293756654,2.6025691664300927,5.30088553016377,2460972.88155409,8.691829923537028
3.766666666666667,2.2983683683683687,2.962342622303889,5.163658795990431,1.1195265111891555,-0.9459459459459456,139379024185.5757,3.960940984485626,3.049870908338178,5.524835296891949,2.2958217820478946,2460978.4281672793,3.714379423388265
0.17927927927927928,7.0177177177177175,2.19502669890458,2.4654741145289267,2.5535267614763884,-7.4624624624624625,14959787000.0,1.1183446472772431,6.167652719278839,1.176298701703163,6.162604921292391,2460956.9919827487,255.75624854222224
5.7090090090090095,4.581021021021021,1.6730002920017717,3.69821117179339,4.1699217804405055,5.6006006006006,14959787000.0,1.1183443046823045,0.11552793848844564,4.317865446163319,3.0210384815118565,2460956.9920006045,255.75624998508346
8.057657657657659,6.093453453453454,0.9560001668581553,0.9811580659860014,5.314606190757508,6.111111111111111,1432524160846.3247,15.0,3.0127693686537635,0.2802210172241034,5.569841354048143,2460875.0,6389671358.995867
8.077477477477478,4.440980980980981,0.012578949563923095,2.597553084950119,5.094474573388854,-7.102102102102102,270988811626.79156,9.33898847418587,3.0627225055752736,0.0,2.7759193201277212,2460975.35865591,13386.380186701357
3.3108108108108114,2.592452452452452,0.44655270951926984,4.9246587542758915,0.4654211338651545,5.7807807807807805,131096772142.58412,3.7174965761756473,3.048666717578988,5.510274242673895,2.307833130744792,2460978.301115261,4.976598659922866
2.2108108108108113,12.857387387387387,5.930974719389739,1.5220528972346945,2.5661057110403114,-14.30930930930931,366867393547.33234,14.999982999530513,3.2214352055448967,2.629067634498976,5.283086453700596,2460970.7883483446,13.607910425102103
4.609009009009009,9.706486486486487,4.981264027313546,1.5472107963625406,2.8302636518826962,-8.393393393393392,366395472466.947,14.966062833378299,3.2214417468570486,2.628767120954582,5.2832931418395255,2460970.8147231485,13.543756791897684
0.9126126126126127,4.987137137137137,5.742290475930893,4.855474531674314,1.3585265529036943,11.336336336336338,14959787000.0,1.202934100304555,3.245516497193805,2.316185270301986,0.0,2460965.3040762595,5112.136516146049
0.7936936936936938,7.913973973973974,2.55981623625835,4.786290309072737,1.0063159651138476,-13.94894894894895,259922039616.9283,8.626086121726136,3.0591928384859726,5.686091256703693,2.195595607876299,2460976.1212075264,2.1414192538804775
1.4774774774774777,5.659329329329329,6.113369488066624,4.446658670846814,3.1573163405446967,-6.111111111111111,1495978700000.0,1.01,6.283185307179586,2.342856330090073,2.0417189212684925,2461085.0,31361466.900526594
9.0981981981982,13.85167167167167,6.195132660232124,0.7170001251436164,3.151026865762735,-6.441441441441441,366863731474.88544,14.999966876822423,3.2214347458330153,2.6290920618047147,5.283116644651404,2460970.7882878827,13.607194770787101
1.2495495495495497,1.9062562562562562,4.094448083056967,4.981264027313546,6.258027408051739,13.528528528528529,457482391301.7994,1.3335626768102868,3.0656941543557115,5.156400246940104,5.157856131389296,2461076.2281826176,6390913557.036105
9.484684684684686,9.804514514514514,3.836579616996544,0.1195000208572694,2.4717635893108882,-11.786786786786786,363480688059.9483,15.0,3.061033183847057,0.0,2.6590118757721637,2460970.803741176,12669.538679091447
4.48018018018018,6.023433433433433,2.515789912784619,2.320816194543811,3.2265005631462738,1.0360360360360374,1495978700000.0,1.01,0.0,0.8817402519241933,6.283185307179586,2460875.0,6412840929.171917
6.74954954954955,12.003143143143143,1.5535002711445023,5.220264069028084,0.4780000834290776,1.6966966966966979,35698140224.56349,1.2004205526309077,6.21585325955072,0.8110051700115378,0.0,2460957.5283054244,502.04341948598534
3.895495495495496,9.944554554554555,3.6793427474475053,6.088211588938778,4.377474448245237,14.36936936936937,14959787000.0,1.1231768319102258,6.219020583123973,6.283185307179586,1.0460491440747652,2460956.761235505,16264.183491222175
7.076576576576577,9.454414414414414,1.7107371406935408,2.5346583371305034,2.2830793458520415,4.51951951951952,1495978700000.0,1.01,0.0,0.8817404134025342,6.283185253160491,2460875.0,6412840929.171891
7.126126126126127,9.622462462462462,4.459237620410737,1.528342372016656,0.333342163443962,-1.456456456456456,363478925926.5857,15.0,3.0610332237765743,0.0,2.65901520460936,2460970.803734919,12669.53866573843
8.622522522522523,12.129179179179179,4.685658712561353,5.937264194171701,2.1069740519571183,11.186186186186188,14959787000.0,5.820424384461148,3.2955349201492496,3.803780610516862,4.0255940832737,2460875.0,159242379.52395663
9.256756756756758,8.67019019019019,3.239079512710197,2.144710900648888,0.13836844520315406,12.117117117117118,38553110262.901535,3.5610264050662415,3.0653286560758,0.0,6.283185307179586,2460875.0,160948523.50102234
6.71981981981982,4.0068568568568566,2.3837109423634266,0.2390000417145388,3.2893953109658893,-5.24024024024024,14959787000.0,1.1231767142007425,6.2190205915911445,6.283185307179586,1.0460493372032054,2460956.7612376083,16264.183494122564
5.4711711711711715,10.602742742742743,6.081922114156816,0.04402632347373083,3.503237453552582,7.822822822822822,55673646448.54427,14.91435540695488,5.957373837916867,0.9963984627531247,1.8368589016298713,2460875.0,161156150.88619575
0.545945945945946,14.01971971971972,3.886895415252236,2.9246057736121194,4.50955341866643,-10.885885885885886,14959787000.0,5.820347757570128,3.2955245198377052,3.803736532705611,4.025547449303316,2460875.0,159242379.52339023
5.788288288288289,6.0794494494494495,4.39005339780916,1.9560266571900413,3.2202110883643122,-1.696696696696696,231834377661.4802,7.328797312726143,3.225222771701266,2.515261373785029,5.354815724406268,2460977.170848031,0.6166916162262408
2.240540540540541,14.005715715715716,0.1320789704211925,3.5598427265902357,4.679369237779391,13.82882882882883,14959787000.0,15.0,0.1490133101370553,3.568864247635407,5.3342721280234935,2461085.0,6397554416.088529
3.340540540540541,5.589309309309309,6.251737933269778,2.4466056901830417,3.7862638187408515,-9.984984984984985,35694981338.2155,1.2004126332057303,6.21585051931929,0.8110343078237452,0.0,2460957.5282625016,502.04343974735616
3.320720720720721,10.826806806806808,5.151079846426507,3.4780795544247356,4.302000750861699,1.1261261261261275,54026285472.80502,1.8913465046255145,3.216752635836214,2.821872364915689,0.005774540777572975,2460972.8463107003,8839.112292472037
9.385585585585586,7.801941941941942,6.169974761104278,1.3773949772495788,1.0755001877154247,-10.555555555555555,1495978700000.0,1.01,6.283185307179586,2.3977979074610922,1.8671724216000887,2460928.8129024957,31410596.517892815
2.9243243243243247,14.173763763763764,3.7045006465753514,4.496974469102506,1.8428161111147334,6.141141141141141,14959787000.0,1.1183439890886606,0.11552838047159864,4.317867657144937,3.021036690276513,2460956.992013937,255.75625089098298
3.7270270270270274,2.3123723723723724,2.1195530015210413,4.22652705347816,3.2642374118380433,-6.351351351351351,212668408578.46912,6.521870781707912,3.2262878794299494,2.4929587117952634,5.368184313828947,2460977.7506800937,0.10546898830413487
2.7459459459459463,14.271791791791792,0.31447373909807735,3.125868966634889,0.47171060864711606,-10.345345345345345,340398836890.17474,13.1903616261976,3.061331616825935,5.752842459214353,2.153489982457129,2460972.2391412267,10.162570230983272
0.7144144144144144,2.5784484484484484,3.434053230951005,0.13836844520315406,1.6792897667837332,-11.306306306306306,14959787000.0,5.82026080544466,2.987643070015014,0.6622265742649525,0.8840327353807849,2460875.0,159242379.52581984
6.353153153153153,14.901971971971973,3.390026907477274,1.2201581077005401,4.289421801297776,-5.39039039039039,15282031361.147577,1.2079390911659311,3.2445574739331757,2.3231245859418865,4.070151089936733e-05,2460965.3961409577,5166.031925841899
6.085585585585586,9.426406406406405,0.38994743648161595,0.723289599925578,4.352316549117391,5.39039039039039,14959787000.0,1.117550309835035,0.0,0.5269390727644424,0.5269390727644424,2460956.881487343,9811248.463253623
7.522522522522523,9.51043043043043,2.0881056276112337,3.685632222229467,2.2327635475963494,11.396396396396398,401238882095.5103,15.0,3.259020244865199,3.1578374320212386,1.9305117791082484,2460875.0,6376761230.659467
8.107207207207209,13.081451451451452,6.188843185450162,6.006448416773278,1.2012896833546556,6.831831831831831,361155081324.35547,14.595777331818596,3.2215171991451492,2.6253506382273164,5.285605447799136,2460971.105693718,12.84105635752774
2.458558558558559,14.873963963963964,3.824000667432621,0.05031579825569238,3.8554480413424286,-1.9069069069069062,14959787000.0,1.1183438397549164,0.11552852546328393,4.317868600300312,3.0210359024667954,2460956.9920257493,255.75625549993347
7.225225225225226,7.045725725725726,5.849211547224239,4.679369237779391,3.1887637144545047,-9.144144144144144,408717767158.76917,14.447076164679611,3.2569071375773535,3.130207355743991,1.9206812683877417,2460875.0,6376803128.749149
2.8054054054054056,6.00942942942943,2.289368820634003,5.792606274186585,5.792606274186585,-12.747747747747749,14959787000.0,15.0,3.2187198790249445,2.4893063453199376,6.283185307179586,2460885.2561694547,6262885892.343033
9.663063063063063,14.985995995995996,3.3837374326953125,3.2202110883643122,0.7987632973091165,6.171171171171171,14959787000.0,1.2029340339568395,3.24551650491981,2.3161851946662626,0.0,2460965.304080718,5112.136517124527
4.212612612612613,8.628178178178178,5.427816736832815,3.805132243086736,1.8050792624229641,-1.3063063063063058,35703573690.20718,1.2004291408444547,6.215857659849485,0.8109590549904261,0.0,2460957.528502093,502.0433749405674
4.341441441441441,13.767647647647648,5.509579908998315,3.5787111509361202,0.4276842851733852,-11.966966966966968,1495978700000.0,1.01,6.283185307179586,2.867018872259622,1.3603550613153446,2460880.0762236672,31418221.979786295
2.6171171171171177,2.4384084084084083,6.05676421502897,4.817737682982545,0.17610529389492333,-11.156156156156156,951461209508.4454,4.485895812494828,3.317165129895277,3.861079461217166,6.254777308765267,2461084.731156083,8802615.433224678
7.88918918918919,12.577307307307308,4.239106003042083,6.232869508923893,5.0001324516594305,1.5165165165165178,332647468656.1171,12.69085341091575,3.2219935712740027,2.6058458267790576,5.298886387604759,2460972.652803497,9.210505620835944
3.1423423423423427,2.6624724724724724,4.503263943884468,4.547290267358199,4.585027116049968,8.123123123123122,14959787000.0,1.1174873670639587,0.0,0.5269548631779265,0.5269548631779265,2460956.888768498,9811247.744115872
9.187387387387387,9.762502502502503,1.641552918091964,2.6227109840779654,3.515816403116505,-8.333333333333332,363480543904.8901,14.999967102277145,3.0610332381189354,0.0,2.659011863739885,2460970.8037725366,12669.542124924132
1.3981981981981983,1.206056056056056,5.6290799298555845,5.019000876005315,0.723289599925578,0.40540540540540526,14959787000.0,1.2029340510795423,3.2455165023353425,2.3161852281233224,0.0,2460965.304078596,5112.136516663561
4.212612612612613,4.398968968968969,5.868079971570124,5.320895665539469,5.113342997734738,-11.516516516516516,17984407191.498444,1.2471793288237416,3.319099090800521,1.9714169294501862,5.881282595493085,2460966.167674733,57.791510826291116
5.064864864864865,13.193483483483483,0.9622896416401168,5.069316674261007,5.6102115055097,-14.15915915915916,633634262377.6152,15.0,2.8858905478758263,4.651067685523667,6.283185307179586,2460875.0,1082721.3047453272
3.0927927927927934,6.695625625625626,0.3207632138800389,5.522158858562238,5.886948395916009,-11.486486486486486,1495978700000.0,1.01,0.0,4.438603948811111,6.2291566125249025,2461085.0,31361466.900526367
0.23873873873873877,11.134894894894895,0.7358685494895011,3.8554480413424286,4.320869175207583,-1.2762762762762758,14959787000.0,8.18687104944123,0.10546999611858494,3.301197295342956,5.641267307613525,2461079.372481983,6398121426.25004
3.4198198198198204,7.955985985985986,2.182447749340657,0.012578949563923095,5.817764173314432,-13.348348348348349,340366670702.84064,9.096586393204664,3.005245402224767,0.07437076327607801,5.179743853831534,2460875.0,6377066688.113239
2.8747747747747754,11.386966966966966,1.207579158136617,1.3962634015954636,2.037789829355541,-3.678678678678679,243338145372.57343,1.01,6.1190971904484215,6.283185307179586,6.283185307179586,2460875.0,6607012174.042839
4.916216216216217,11.456986986986987,1.3648160276856558,2.691895206679542,5.478132535088508,-8.963963963963964,350053260371.3964,13.831138406454976,3.2216880186080967,2.6179963594105673,5.290671362037795,2460971.7169872173,11.382845035693883
2.3990990990990992,12.521291291291291,4.496974469102506,3.3963163822592355,5.874369446352085,-13.198198198198199,335045803662.92175,5.469802715410709,3.3137150304165646,0.9323056826462558,6.202527046923904,2460878.5342949308,6378982240.117508
7.631531531531532,9.230350350350351,0.8365001460008858,1.5094739476707715,4.786290309072737,12.927927927927929,243894481446.22284,1.01,0.0,6.283185307179586,6.283185307179586,2460875.0,6616613989.721302
9.00900900900901,6.443553553553554,2.710763631025427,2.8554215510105423,5.056737724697084,-1.2162162162162158,14959787000.0,1.202934167131874,3.2455164835089265,2.3161853868853792,0.0,2460965.3040689197,5112.136515233219
7.155855855855856,8.292082082082082,3.081842643161158,1.9245792832802335,4.037842810019313,-14.87987987987988,183672284680.922,5.413598579181358,3.228376691307989,2.4548402914462475,5.391317811449727,2460978.3582246276,0.3341492416545431
1.5369369369369372,5.141181181181181,6.239158983705855,4.515842893448391,0.15094739476707714,-6.081081081081081,14959787000.0,1.1231766140388812,6.219020589204355,6.283185307179586,1.0460494728547405,2460956.7612423473,16264.183497034937
1.2594594594594597,10.686766766766766,1.6792897667837332,2.371131992799503,4.63534291430566,-12.537537537537538,14959787000.0,15.0,0.0,0.0,5.58262861966665,2460885.4465882797,6320551423.218643
5.728828828828829,10.644754754754755,3.767395394394967,3.1573163405446967,1.5031844728888097,-7.642642642642643,392429677283.00397,12.360886544263256,3.2826561547166873,3.243848660832248,2.175833705636347,2460883.940387627,6377146536.376903
7.88918918918919,4.0068568568568566,1.2264475824825016,3.295684785747851,5.396369362923008,14.15915915915916,243338080801.98654,1.01,6.119095092384639,6.283185307179586,6.283185307179586,2460875.0,6607012174.043375
1.576576576576577,7.47984984984985,1.6855792415656947,5.427816736832815,3.792553293522813,10.615615615615614,1495978700000.0,1.01,0.0,0.8817405109834353,6.283185307179586,2460875.0,6412840929.171912
7.740540540540541,9.398398398398399,6.069343164592893,1.2264475824825016,3.710790121357313,-13.558558558558559,339386329634.1547,13.1241267769158,3.2218707381041396,2.610585267525179,5.295605420327461,2460972.2937316825,10.03509115886778
7.800000000000001,13.669619619619619,2.4088688414912727,6.264316882833701,3.2768163614019663,11.186186186186188,14959787000.0,1.1231765889356637,6.219020586210349,6.283185307179586,1.0460495033070345,2460956.761243571,16264.183497909913
3.44954954954955,10.868818818818818,5.930974719389739,4.1510533560946214,1.1509738850989633,-9.114114114114114,35696160922.22413,1.2004154449415132,6.215851485580595,0.8110234391041425,0.0,2460957.5282917907,502.04342016478023
3.5783783783783787,12.367247247247247,4.654211338651545,3.9497901630718517,4.622763964741737,5.6906906906906904,14959787000.0,1.202934582069845,3.2455164717681058,2.3161856987576974,0.0,2460965.304048813,5112.136512026307
4.430630630630631,4.581021021021021,0.2956053147521927,0.17610529389492333,3.069263693597235,14.96996996996997,243338143942.59064,1.01,6.119096801917752,6.283185307179586,6.283185307179586,2460875.0,6607012174.0426035
2.5081081081081087,10.602742742742743,3.503237453552582,2.415158316273234,0.5597632555945777,3.8588588588588593,85918986037.80453,1.0100045424435635,0.0,0.6023640438455458,6.205023642927493,2460958.5779519537,9817425.134162806
7.0864864864864865,8.11003003003003,4.503263943884468,4.333448124771506,4.987553502095507,-10.075075075075075,1495978700000.0,1.01,6.283185307179586,1.0905274237494804,6.075438299753109,2460876.3510752283,6412841178.396771
7.096396396396397,6.919689689689689,4.585027116049968,5.0378693003512,3.3397111092215814,8.243243243243242,1495978700000.0,1.01,6.283185307179586,1.0849532465870304,6.08940627008328,2460887.2301700534,6412842967.09515
5.550450450450451,3.866816816816817,0.20755266780473106,0.31447373909807735,2.7296320553713116,12.987987987987989,243338247972.01764,1.01,6.119096140051163,6.283185307179586,6.283185307179586,2460875.0,6607012174.042461
7.661261261261262,4.707057057057057,2.9560531475219274,2.880579450138389,1.7673424137311948,14.48948948948949,14959787000.0,1.1231766512538577,6.2190206043941165,6.283185307179586,1.0460494335109674,2460956.761240311,16264.183496200045
0.763963963963964,12.68933933933934,6.069343164592893,2.7170531058073886,5.522158858562238,-12.207207207207208,14959787000.0,15.0,6.205406177642534,5.601145283672768,6.263493760256085,2460885.4415867454,6309390364.629965
9.772072072072072,7.381821821821822,4.886921905584122,5.5284483333442,2.9120268240481963,-6.801801801801801,1495978700000.0,1.01,6.283185307179586,3.1608343395311667,1.2237409099583842,2461085.0,31361466.900526673
8.493693693693695,5.897397397397397,4.503263943884468,1.6792897667837332,1.3711055024676173,11.666666666666668,103325254291.63275,1.0202996307906367,0.0,0.17527685128888057,0.17527685128888057,2460954.579759682,9854934.009579074
4.846846846846847,9.230350350350351,3.723369070921236,5.6605273037653925,1.0314738642416938,14.27927927927928,14959787000.0,5.851004620882723,3.0615994378575166,6.055168194911525,6.283185307179586,2460875.0,159266844.46624026
7.978378378378379,7.2837937937937935,1.5597897459264638,3.0755531683791966,6.176264235886239,-12.327327327327328,53805331662.66773,15.0,0.4362361417587797,4.192658214903342,4.9205763903427515,2460875.0,161126267.87756413
2.5180180180180183,14.271791791791792,5.408948312486931,3.295684785747851,2.5409478119124653,-3.9489489489489493,35694774843.85285,1.200412465360846,6.2158503478462785,0.8110358049779743,0.0,2460957.5282613877,502.04343979989784
3.7072072072072078,6.065445445445445,5.490711484652431,1.0817896624973862,0.8113422468730396,-6.081081081081081,14959787000.0,1.117487020453592,0.0,0.5269550613513937,0.5269550613513937,2460956.8887892882,9811247.744124886
9.018918918918919,4.0908808808808805,0.3710790121357313,0.24528951649650035,0.5849211547224239,9.114114114114113,1495978700000.0,1.01,0.0,0.513325230617151,0.4802535779522745,2461019.9041162864,6412833447.272363
8.315315315315315,12.68933933933934,3.6227374744098513,0.5849211547224239,1.9371582328441566,-8.213213213213212,363480869642.39954,15.0,3.0610332290449334,0.0,2.659011331628285,2460970.803724229,12669.538683118142
7.363963963963965,13.711631631631631,4.339737599553468,3.5912901005000437,1.012605439895809,8.093093093093092,14959787000.0,1.2029341951171488,3.2455164859810397,2.3161853636341627,0.0,2460965.3040699987,5112.136515032346
6.3234234234234235,8.544154154154155,0.6541053773240009,2.3271056693257726,2.3145267197618495,-14.06906906906907,1495978700000.0,1.01,0.08006293230897502,2.535316478211276,1.6878328779020817,2460875.000011822,21284593.49140437
8.127027027027028,3.362672672672673,3.553553251808274,0.15094739476707714,1.8553950606786564,8.093093093093092,363480576520.70184,15.0,3.0610332259120683,0.0,2.6590119259928935,2460970.8037280543,12669.538676783886
0.7144144144144144,12.507287287287287,4.974974552531584,4.9246587542758915,4.666790288215468,6.801801801801801,35694840371.40916,1.2004126424624453,6.2158504044326985,0.8110351938145162,0.0,2460957.528261931,502.0434385145291
8.810810810810812,7.661901901901902,2.5786846606042344,4.283132326515814,6.125948437630547,-13.468468468468469,633634204593.2256,15.0,2.8858905812237436,4.651067732771486,6.283185307179586,2460875.0,1082721.3047442597
2.4981981981981987,1.5281481481481483,3.7422374952671205,3.503237453552582,5.6856852028932385,-11.456456456456456,352856108934.66394,14.021410378951943,3.221644334516026,2.6198237412275707,5.289322087600338,2460971.5635196376,11.747628842796164
3.340540540540541,9.006286286286286,5.107053522952777,2.4403162154010802,3.044105794469389,-3.288288288288289,44693851445.47336,1.2062751857697551,6.222594329163378,0.7337174266562283,0.007978606304718434,2460957.80129889,584.3952786381794
0.6945945945945946,3.978848848848849,1.0692107129334631,5.113342997734738,1.1698423094448478,-0.4954954954954953,114501161653.04286,3.261624643421945,3.045523328806738,5.47500157477222,2.331665267389896,2460977.8263263595,7.765156064746303
8.275675675675677,10.588738738738739,4.987553502095507,1.4340002502872329,0.20126319302276952,-0.37537537537537524,14959787000.0,5.820938470314247,2.987528574583477,0.6626765797283389,0.884508097308636,2460875.0,159242379.6127497
9.316216216216217,3.026576576576576,2.4466056901830417,6.05676421502897,5.874369446352085,14.57957957957958,14959787000.0,1.2029343243869597,3.245516502065785,2.31618538608583,0.0,2460965.3040699577,5112.1365155973035
4.430630630630631,12.493283283283283,4.1887902047863905,1.6352634433100024,1.4402897250691944,-3.8288288288288292,14959787000.0,1.118343800579489,0.1155284149435996,4.317867908027307,3.021036671340099,2460956.9920245945,255.75625622780197
4.995495495495495,13.235495495495496,0.3207632138800389,1.012605439895809,5.226553543810046,11.336336336336338,14959787000.0,1.1174867290195616,0.0,0.5269552591940251,0.5269552591940251,2460956.888801134,9811247.744134996
5.808108108108108,3.9088288288288293,2.427737265837157,1.8239476867688487,1.2138686329185786,-12.807807807807809,14959787000.0,1.202933820734468,3.2455165482695083,2.31618498384798,0.0,2460965.304094415,5112.1365203297155
7.056756756756757,14.565875875875875,3.905763839598121,1.9497371824080796,0.10063159651138476,2.027027027027028,399079902575.6523,14.762956303571412,3.256192125750576,3.1384457296542263,1.9126885331009305,2460875.0,6376768973.672352
2.5378378378378383,4.889109109109109,0.9748685912040398,2.4969214884387343,2.402579366709311,-14.12912912912913,545975137436.81177,6.620031775607398,3.0519968470106957,0.12757512051218645,2.9631889220517027,2461084.0107351146,5695290.02430599
0.1693693693693694,11.807087087087087,5.006421926441392,4.8680534812382374,1.3270791789938865,-13.078078078078079,14959787000.0,15.0,6.1860153011551935,0.0,0.0,2460875.0,7525929668.306757
8.662162162162163,13.571591591591591,4.339737599553468,3.9246322639440057,5.905816820261893,-5.960960960960961,348840245063.4409,13.749775699445244,3.2217091665542883,2.6171039284200885,5.291164904529723,2460971.782621269,11.229370080260907
6.3234234234234235,8.712202202202203,2.597553084950119,1.4654476241970404,0.48428955821103914,-7.372372372372372,366866115456.4327,14.999999989197917,3.2214355414756444,2.6290507149794826,5.28307208072589,2460970.788326098,13.608394244619259
2.8351351351351357,12.003143143143143,0.3207632138800389,1.836526636332772,0.3018947895341543,4.099099099099099,125203353365.42603,1.5901695276795103,0.0,0.0,0.0,2460940.3125727843,10797640.031032711
5.282882882882883,12.913403403403404,4.641632389087622,1.918289808498272,2.3145267197618495,3.198198198198199,396731961085.9696,15.0,3.2699107871952857,1.2258175233508644,6.283185307179586,2460875.0,6377335130.203495
5.8180180180180185,5.071161161161161,6.245448458487816,5.792606274186585,5.402658837704969,10.585585585585584,1495978700000.0,1.01,6.201301246599726,5.566578667394556,5.073245215668865,2461049.163779609,21241377.031683553
8.097297297297299,6.191481481481481,5.006421926441392,1.1195265111891555,5.415237787268892,13.408408408408409,1495978700000.0,1.01,6.283185307179586,2.7743878698890043,4.425348622046191,2460920.1672511245,6412846006.878491
2.5972972972972976,9.86053053053053,5.861790496788162,2.9812110466497734,2.427737265837157,-11.306306306306306,14959787000.0,5.820391818190833,3.295537917895554,3.8037875495736606,4.025600006991075,2460875.0,159242379.52215254
2.0819819819819823,3.5587287287287284,1.2012896833546556,0.7107106503616548,1.6855792415656947,12.957957957957959,18141421836.27107,1.0140744993772373,0.0,0.45125745622941854,0.45125745622941854,2461066.734948818,21494630.095470585
9.851351351351353,11.737067067067066,2.8113952275368117,3.9497901630718517,0.056605273037653926,12.927927927927929,14959787000.0,1.202934000803632,3.245516488706673,2.316185212841273,0.0,2460965.3040808626,5112.136517967024
1.328828828828829,5.043153153153153,0.2830263651882696,5.245421968155931,4.660500813433506,-11.456456456456456,53338515776.759346,15.0,0.0,4.541861991763375,4.551359636077017,2460875.0,171014863.68067792
0.882882882882883,12.871391391391391,5.924685244607778,2.8680005005744658,2.320816194543811,6.561561561561561,15407605338.13723,1.1214941210984142,6.170183847432193,1.1647506746999257,6.16613510732934,2460956.979597628,261.3808953786403
7.076576576576577,14.341811811811812,1.125815985971117,2.9937899962136965,1.1509738850989633,3.708708708708709,1038769207229.3562,8.348212474682693,3.0541267724484005,5.0981170037348,4.320545880550921,2460938.925849984,6389118967.288787
7.532432432432433,1.724204204204204,2.5535267614763884,0.44026323473730833,4.528421843012314,10.465465465465464,396733709069.44574,15.0,3.269911313772312,1.225814620983213,6.283185307179586,2460875.0,6377335130.203508
8.919819819819821,10.980850850850851,0.8302106712189242,3.2202110883643122,3.3460005840035434,3.498498498498499,401135105423.7808,15.0,3.029385185912205,6.262682119789613,5.03547175849488,2460875.0,6376761846.424967
1.9729729729729732,3.2926526526526523,0.4654211338651545,2.0881056276112337,4.622763964741737,-5.870870870870871,90601267521.00917,1.0157226395743224,6.2423134357977075,0.2744213698316803,0.20377473103576432,2460957.6414017114,4091.576816113191
5.847747747747748,10.14061061061061,4.056711234365198,0.333342163443962,1.4906055233248867,13.67867867867868,363482726953.3389,15.0,3.0610327943810343,0.0,2.6590104794719753,2460970.803952546,12669.539080856477
3.558558558558559,7.68990990990991,2.679316257115619,4.452948145628776,4.603895540395853,2.027027027027028,14959787000.0,1.202956311233772,3.2455142017842484,2.3162054382399,0.0,2460965.302803601,5112.138278894292
3.320720720720721,2.3963963963963963,2.905737349266235,4.1762112552224675,2.7673689040630807,6.741741741741741,298769648925.0201,10.66302630394753,3.2227621401196083,2.579325260571058,5.315515786398537,2460974.3741627564,5.460119812777174
5.827927927927928,4.749069069069069,1.320789704211925,1.74847398938531,1.4340002502872329,-13.67867867867868,14959787000.0,15.0,0.0,5.835114792159319,6.0306923664407135,2460885.449184136,6320551424.368855
1.110810810810811,7.185765765765765,1.3145002294299635,0.43397375995534676,1.7421845146033486,7.2822822822822815,14959787000.0,15.0,3.0468127333989488,0.0018317607149624686,0.6537741628953359,2461085.0,6397421870.306519
9.554054054054054,10.00057057057057,5.484422009870469,4.578737641268006,5.786316799404624,12.387387387387388,247026253467.95648,8.012959417283062,3.224514565159956,2.5315521001993013,5.345039377425395,2460976.629503141,1.3368891803276637
8.672072072072073,13.375535535535535,0.5157369321208469,1.5786581702723483,5.019000876005315,10.045045045045043,14959787000.0,1.117489318892461,0.0,0.5272873798628936,0.5266194299528937,2460956.888702791,9811247.744097361
6.630630630630631,13.893683683683683,4.484395519538583,3.503237453552582,4.9120798047119685,0.4354354354354353,1495880559230.0085,1.01,0.0,0.8818886278503093,6.283185307179586,2460875.0,6412841554.292384
0.3675675675675676,7.787937937937937,5.251711442937892,1.0440528138056169,3.767395394394967,12.117117117117118,100513728482.75456,2.902300806342788,3.2409409690962683,2.3012234308676676,5.4985522610801585,2460977.216950337,10.940146080896566
7.87927927927928,2.3683883883883885,4.075579658711082,0.018868424345884642,3.207632138800389,-7.5825825825825826,49801980774.99586,12.65097844981966,5.10037834995811,1.201761846749722,1.6630553660911065,2460875.0,161315726.58084595
0.6450450450450451,13.221491491491491,0.5849211547224239,0.7484474990534241,3.566132201372197,4.1591591591591595,353145716536.0997,14.040886288784177,3.2216386978448215,2.6200754489347355,5.2892457956977195,2460971.5480639515,11.783317483297951
6.600900900900902,1.206056056056056,2.5661057110403114,0.3710790121357313,4.1887902047863905,9.624624624624623,14959787000.0,1.1183439693338562,0.11552814968703647,4.317866379698096,3.021037972246253,2460956.9920162507,255.7562528919693
3.2810810810810813,5.267217217217217,4.9686850777496225,0.39623691126357746,3.930921738725967,-9.384384384384385,328506385004.988,12.429810142026422,3.2220776940475284,2.602676772466899,5.300730155420044,2460972.870333937,8.718517733457107
5.173873873873874,2.34038038038038,2.4403162154010802,6.201422135014086,3.113290017070966,3.768768768768769,14989034310.160645,1.2043975869978771,3.2453177542687173,2.3184929293161183,0.0003710855539311876,2460965.2250280874,5142.167758214566
5.391891891891892,1.7662162162162163,1.5849476450543099,0.7358685494895011,1.8239476867688487,10.105105105105103,396726626489.0209,15.0,3.269908653444162,1.2258237312567841,6.283185307179586,2460875.0,6377335130.211627
5.778378378378378,2.8725325325325324,5.89323787069797,0.30818426431611584,0.7987632973091165,-14.45945945945946,433829284649.3166,15.0,3.2227774917684933,2.716193767476045,1.5278737690173227,2460875.0,6376926534.937473
8.127027027027028,11.919119119119118,4.855474531674314,3.377447957913351,5.289448291629661,5.8108108108108105,243894629003.81458,1.01,0.0,6.283185307179586,6.283185307179586,2460875.0,6616613989.721204
0.49639639639639643,12.465275275275275,3.6227374744098513,5.107053522952777,2.7862373284089657,-2.6576576576576585,14959787000.0,1.1183444836534608,0.11553039761591291,4.317878900547935,3.0210247792515337,2460956.99199752,255.75623486877387
4.579279279279279,13.179479479479479,5.339764089885354,4.446658670846814,3.0063689457776195,-0.8558558558558556,14959787000.0,5.836042124758703,3.06243904650407,5.975675089219315,6.203230706286441,2460875.0,159269586.03674436
1.437837837837838,9.132322322322322,4.9686850777496225,2.4969214884387343,2.8680005005744658,-0.7357357357357355,396723677285.932,15.0,3.2699173794110408,1.2258073153339208,6.283185307179586,2460875.0,6377335130.948596
6.075675675675676,1.9202602602602603,5.138500896862584,0.5094474573388853,1.2578949563923094,-5.63063063063063,35750780686.20756,1.2004987164869219,6.215899744882193,0.8105707103988526,2.0747072513458456e-06,2460957.5296657095,502.07576428908567
0.15945945945945947,4.987137137137137,0.5723422051585008,5.824053648096393,2.289368820634003,9.084084084084083,53805877201.72636,15.0,0.43603610203123594,4.192570544575756,4.920658190611621,2460875.0,161126267.8816057
8.057657657657659,3.278648648648649,5.666816778547354,5.056737724697084,1.8553950606786564,11.966966966966968,401194507038.0925,15.0,3.259015302306887,3.157852419122898,1.9304802957177023,2460875.0,6376761230.773942
8.513513513513514,11.541011011011012,5.654237828983431,4.9309482290578535,6.283185307179586,-14.84984984984985,305517492481.7414,11.048094599682733,3.2225855945150257,2.5850326130152497,5.31222561073281,2460974.0426306943,6.1473938026011785
5.064864864864865,9.258358358358358,4.704527136907237,3.056684744033312,4.528421843012314,11.006006006006007,14959787000.0,5.820278290684403,2.9876408270352517,0.6622252586883736,0.8840326528266318,2460875.0,159242379.52257884
1.8144144144144148,9.594454454454455,5.232843018592007,1.4340002502872329,6.22029055935997,-7.192192192192192,1495978700000.0,1.01,6.283185307179586,1.3345372532301876,5.989995986978826,2461081.897719454,6412809364.537664
5.2675525,7.580274298489053,3.270774887839832,2.3923638590688676,5.370602905998986,-0.4060792709937351,46821617939.1654,1.2091615577743688,0.0,0.7230650786204701,6.283171290728145,2460957.7008279134,9812965.93088602
1.5381359556605565,6.310593419748138,3.0594825817212623,2.623980631799445,2.105757120578525,4.9425,14959787000.0,5.820471627199667,3.2954353310194087,3.8033731596214104,4.025196210204405,2460875.0,159242379.5653907
